anyo,mes,marca,modelo,canal,fuel_type,fuel,segmento,subseg,hp,body_type,renting,count
2023,07,ABARTH,500,Corporate,BEV,Electrico,UKL0,REST,Standard,HACH 3P,No Renting,6
2023,07,ABARTH,500,Private,BEV,Electrico,UKL0,REST,Standard,HACH 3P,No Renting,1
2023,07,ACURA,MDX,Corporate,ICE,Gasolina,,REST,Standard,,No Renting,1
2023,07,ADRIA MOBIL,TWIN 640SPB FAMILY,Private,ICE,Diesel,,REST,Standard,,No Renting,1
2023,07,ALFA ROMEO,GIULIA,Corporate,ICE,Gasolina,KKL,REST,Standard,SEDAN,Renting,3
2023,07,ALFA ROMEO,GIULIA,Private,ICE,Gasolina,KKL,REST,Standard,SEDAN,No Renting,4
2023,07,ALFA ROMEO,GIULIA,RAC,ICE,Gasolina,KKL,REST,Standard,SEDAN,No Renting,4
2023,07,ALFA ROMEO,STELVIO,Corporate,ICE,Gasolina,KKL,REST,Standard,SAV,No Renting,34
2023,07,ALFA ROMEO,STELVIO,Corporate,ICE,Gasolina,KKL,REST,Standard,SAV,Renting,13
2023,07,ALFA ROMEO,STELVIO,Private,ICE,Gasolina,KKL,REST,Standard,SAV,No Renting,4
2023,07,ALFA ROMEO,STELVIO,RAC,ICE,Gasolina,KKL,REST,Standard,SAV,No Renting,4
2023,07,ALFA ROMEO,TONALE,Corporate,ICE,Gasolina/Electrico Enchufable,UKL2,REST,Standard,SAV,No Renting,65
2023,07,ALFA ROMEO,TONALE,Corporate,ICE,Gasolina/Electrico Enchufable,UKL2,REST,Standard,SAV,Renting,9
2023,07,ALFA ROMEO,TONALE,Corporate,PHEV,Gasolina/Electrico Enchufable,UKL2,REST,Standard,SAV,No Renting,8
2023,07,ALFA ROMEO,TONALE,Corporate,PHEV,Gasolina/Electrico Enchufable,UKL2,REST,Standard,SAV,Renting,8
2023,07,ALFA ROMEO,TONALE,Private,ICE,Gasolina/Electrico Enchufable,UKL2,REST,Standard,SAV,No Renting,2
2023,07,ALFA ROMEO,TONALE,Private,PHEV,Gasolina/Electrico Enchufable,UKL2,REST,Standard,SAV,No Renting,6
2023,07,ALFA ROMEO,TONALE,RAC,ICE,Gasolina/Electrico Enchufable,UKL2,REST,Standard,SAV,No Renting,18
2023,07,ALFA ROMEO,TONALE,RAC,ICE,Gasolina/Electrico Enchufable,UKL2,REST,Standard,SAV,Renting,4
2023,07,ALFA ROMEO,TONALE,RAC,PHEV,Gasolina/Electrico Enchufable,UKL2,REST,Standard,SAV,Renting,2
2023,07,ALLIED VEHICLES LTD,HORIZON RS PLUS,Private,ICE,Diesel,,REST,Standard,,No Renting,1
2023,07,ALPINE,A110,Corporate,ICE,Gasolina,KKL,REST,Standard,COUPE,No Renting,6
2023,07,ALPINE,A110,Private,ICE,Gasolina,KKL,REST,Standard,COUPE,No Renting,4
2023,07,"ALQUIBER QUALITY, S.A.",35C14,Corporate,ICE,Diesel,,REST,Standard,,No Renting,9
2023,07,"ALQUIBER QUALITY, S.A.",35C14,RAC,ICE,Diesel,,REST,Standard,,No Renting,3
2023,07,"ALQUIBER QUALITY, S.A.",TRANSIT,Corporate,ICE,Diesel,,REST,Standard,,No Renting,8
2023,07,"ALQUIBER QUALITY, S.A.",TRANSIT,RAC,ICE,Diesel,,REST,Standard,,No Renting,1
2023,07,ARCADIA,TESSORO 440 UP,RAC,ICE,Diesel,,REST,Standard,,No Renting,1
2023,07,ASTON MARTIN,DBX707,Corporate,ICE,Gasolina,GKL+,FOCUS SEGMENT,Standard,SAV,No Renting,1
2023,07,ASTON MARTIN,DBX707,Private,ICE,Gasolina,GKL+,FOCUS SEGMENT,Standard,SAV,No Renting,2
2023,07,ASTON MARTIN,DBX707,RAC,ICE,Gasolina,GKL+,FOCUS SEGMENT,Standard,SAV,No Renting,1
2023,07,ASTON MARTIN,VANTAGE,Private,ICE,Gasolina,GKL,FOCUS SEGMENT,Standard,COUPE,No Renting,1
2023,07,AUDI,A1,Corporate,ICE,Gasolina,UKL1,FOCUS SEGMENT,Standard,HACH 5P,No Renting,159
2023,07,AUDI,A1,Corporate,ICE,Gasolina,UKL1,FOCUS SEGMENT,Standard,HACH 5P,Renting,89
2023,07,AUDI,A1,Private,ICE,Gasolina,UKL1,FOCUS SEGMENT,Standard,HACH 5P,No Renting,112
2023,07,AUDI,A1,RAC,ICE,Gasolina,UKL1,FOCUS SEGMENT,Standard,HACH 5P,No Renting,302
2023,07,AUDI,A1,RAC,ICE,Gasolina,UKL1,FOCUS SEGMENT,Standard,HACH 5P,Renting,155
2023,07,AUDI,A3,Corporate,ICE,Gasolina/Electrico Enchufable,UKL2,FOCUS SEGMENT,M,HACH 5P,No Renting,2
2023,07,AUDI,A3,Corporate,ICE,Gasolina/Electrico Enchufable,UKL2,FOCUS SEGMENT,M,HACH 5P,Renting,1
2023,07,AUDI,A3,Corporate,ICE,Gasolina/Electrico Enchufable,UKL2,FOCUS SEGMENT,M Performance,HACH 5P,No Renting,1
2023,07,AUDI,A3,Corporate,ICE,Gasolina/Electrico Enchufable,UKL2,FOCUS SEGMENT,M Performance,HACH 5P,Renting,1
2023,07,AUDI,A3,Corporate,ICE,Gasolina/Electrico Enchufable,UKL2,FOCUS SEGMENT,Standard,HACH 5P,No Renting,189
2023,07,AUDI,A3,Corporate,ICE,Gasolina/Electrico Enchufable,UKL2,FOCUS SEGMENT,Standard,HACH 5P,Renting,169
2023,07,AUDI,A3,Corporate,PHEV,Gasolina/Electrico Enchufable,UKL2,FOCUS SEGMENT,Standard,HACH 5P,No Renting,6
2023,07,AUDI,A3,Corporate,PHEV,Gasolina/Electrico Enchufable,UKL2,FOCUS SEGMENT,Standard,HACH 5P,Renting,10
2023,07,AUDI,A3,Private,ICE,Gasolina/Electrico Enchufable,UKL2,FOCUS SEGMENT,M,HACH 5P,No Renting,5
2023,07,AUDI,A3,Private,ICE,Gasolina/Electrico Enchufable,UKL2,FOCUS SEGMENT,M Performance,HACH 5P,No Renting,6
2023,07,AUDI,A3,Private,ICE,Gasolina/Electrico Enchufable,UKL2,FOCUS SEGMENT,Standard,HACH 5P,No Renting,115
2023,07,AUDI,A3,Private,PHEV,Gasolina/Electrico Enchufable,UKL2,FOCUS SEGMENT,Standard,HACH 5P,No Renting,10
2023,07,AUDI,A3,RAC,ICE,Gasolina/Electrico Enchufable,UKL2,FOCUS SEGMENT,Standard,HACH 5P,No Renting,97
2023,07,AUDI,A3,RAC,ICE,Gasolina/Electrico Enchufable,UKL2,FOCUS SEGMENT,Standard,HACH 5P,Renting,33
2023,07,AUDI,A4,Corporate,ICE,Gasolina Mild Hybrid,KKL,FOCUS SEGMENT,M,ESTATE,No Renting,1
2023,07,AUDI,A4,Corporate,ICE,Gasolina Mild Hybrid,KKL,FOCUS SEGMENT,Standard,ESTATE,No Renting,38
2023,07,AUDI,A4,Corporate,ICE,Gasolina Mild Hybrid,KKL,FOCUS SEGMENT,Standard,ESTATE,Renting,37
2023,07,AUDI,A4,Private,ICE,Gasolina Mild Hybrid,KKL,FOCUS SEGMENT,M,ESTATE,No Renting,1
2023,07,AUDI,A4,Private,ICE,Gasolina Mild Hybrid,KKL,FOCUS SEGMENT,Standard,ESTATE,No Renting,27
2023,07,AUDI,A4,RAC,ICE,Gasolina Mild Hybrid,KKL,FOCUS SEGMENT,Standard,ESTATE,No Renting,53
2023,07,AUDI,A4 ALLROAD,Corporate,ICE,Diesel Mild Hybrid,KKL,FOCUS SEGMENT,Standard,ESTATE,No Renting,2
2023,07,AUDI,A4 ALLROAD,Corporate,ICE,Diesel Mild Hybrid,KKL,FOCUS SEGMENT,Standard,ESTATE,Renting,6
2023,07,AUDI,A4 ALLROAD,RAC,ICE,Diesel Mild Hybrid,KKL,FOCUS SEGMENT,Standard,ESTATE,No Renting,14
2023,07,AUDI,A5,Corporate,ICE,Gasolina/Electrico Enchufable,KKL,FOCUS SEGMENT,M,SEDAN,No Renting,1
2023,07,AUDI,A5,Corporate,ICE,Gasolina/Electrico Enchufable,KKL,FOCUS SEGMENT,M Performance,SEDAN,Renting,1
2023,07,AUDI,A5,Corporate,ICE,Gasolina/Electrico Enchufable,KKL,FOCUS SEGMENT,Standard,SEDAN,No Renting,11
2023,07,AUDI,A5,Corporate,ICE,Gasolina/Electrico Enchufable,KKL,FOCUS SEGMENT,Standard,SEDAN,Renting,19
2023,07,AUDI,A5,Private,ICE,Gasolina/Electrico Enchufable,KKL,FOCUS SEGMENT,Standard,SEDAN,No Renting,14
2023,07,AUDI,A5,RAC,ICE,Gasolina/Electrico Enchufable,KKL,FOCUS SEGMENT,Standard,SEDAN,No Renting,38
2023,07,AUDI,A6,Corporate,ICE,Gasolina/Electrico Enchufable,MKL,FOCUS SEGMENT,M,SEDAN,No Renting,3
2023,07,AUDI,A6,Corporate,ICE,Gasolina/Electrico Enchufable,MKL,FOCUS SEGMENT,M Performance,SEDAN,No Renting,1
2023,07,AUDI,A6,Corporate,ICE,Gasolina/Electrico Enchufable,MKL,FOCUS SEGMENT,M Performance,SEDAN,Renting,1
2023,07,AUDI,A6,Corporate,ICE,Gasolina/Electrico Enchufable,MKL,FOCUS SEGMENT,Standard,SEDAN,No Renting,28
2023,07,AUDI,A6,Corporate,ICE,Gasolina/Electrico Enchufable,MKL,FOCUS SEGMENT,Standard,SEDAN,Renting,15
2023,07,AUDI,A6,Corporate,PHEV,Gasolina/Electrico Enchufable,MKL,FOCUS SEGMENT,Standard,SEDAN,Renting,5
2023,07,AUDI,A6,Private,ICE,Gasolina/Electrico Enchufable,MKL,FOCUS SEGMENT,M,SEDAN,No Renting,3
2023,07,AUDI,A6,Private,ICE,Gasolina/Electrico Enchufable,MKL,FOCUS SEGMENT,Standard,SEDAN,No Renting,6
2023,07,AUDI,A6,Private,PHEV,Gasolina/Electrico Enchufable,MKL,FOCUS SEGMENT,Standard,SEDAN,No Renting,2
2023,07,AUDI,A6,RAC,ICE,Gasolina/Electrico Enchufable,MKL,FOCUS SEGMENT,Standard,SEDAN,No Renting,6
2023,07,AUDI,A6,RAC,ICE,Gasolina/Electrico Enchufable,MKL,FOCUS SEGMENT,Standard,SEDAN,Renting,5
2023,07,AUDI,A6 ALLROAD,Corporate,ICE,Gasolina/Electrico Enchufable,MKL,FOCUS SEGMENT,Standard,ESTATE,No Renting,1
2023,07,AUDI,A6 ALLROAD,Corporate,ICE,Gasolina/Electrico Enchufable,MKL,FOCUS SEGMENT,Standard,ESTATE,Renting,3
2023,07,AUDI,A7,Corporate,ICE,Diesel Mild Hybrid,MKL,FOCUS SEGMENT,M Performance,SEDAN,No Renting,2
2023,07,AUDI,A7,Corporate,ICE,Diesel Mild Hybrid,MKL,FOCUS SEGMENT,M Performance,SEDAN,Renting,1
2023,07,AUDI,A7,Corporate,PHEV,Diesel Mild Hybrid,MKL,FOCUS SEGMENT,M Performance,SEDAN,No Renting,1
2023,07,AUDI,A7,Corporate,PHEV,Diesel Mild Hybrid,MKL,FOCUS SEGMENT,M Performance,SEDAN,Renting,2
2023,07,AUDI,A7,Private,ICE,Diesel Mild Hybrid,MKL,FOCUS SEGMENT,M Performance,SEDAN,No Renting,1
2023,07,AUDI,A7,Private,PHEV,Diesel Mild Hybrid,MKL,FOCUS SEGMENT,M Performance,SEDAN,No Renting,1
2023,07,AUDI,A8,Corporate,ICE,Gasolina/Electrico Enchufable,GKL,FOCUS SEGMENT,M Performance,SEDAN,No Renting,1
2023,07,AUDI,A8,Corporate,ICE,Gasolina/Electrico Enchufable,GKL,FOCUS SEGMENT,M Performance,SEDAN,Renting,1
2023,07,AUDI,A8,Corporate,PHEV,Gasolina/Electrico Enchufable,GKL,FOCUS SEGMENT,Standard,SEDAN,No Renting,1
2023,07,AUDI,A8,Corporate,PHEV,Gasolina/Electrico Enchufable,GKL,FOCUS SEGMENT,Standard,SEDAN,Renting,2
2023,07,AUDI,E-TRON 55 3WAUZZZG,Corporate,BEV,Electrico,,REST,Standard,,No Renting,1
2023,07,AUDI,E-TRON GT,Corporate,BEV,Electrico,GKL,FOCUS SEGMENT,M,SEDAN,No Renting,1
2023,07,AUDI,E-TRON GT,Corporate,BEV,Electrico,GKL,FOCUS SEGMENT,Standard,SEDAN,No Renting,2
2023,07,AUDI,E-TRON GT,Corporate,BEV,Electrico,GKL,FOCUS SEGMENT,Standard,SEDAN,Renting,2
2023,07,AUDI,Q2,Corporate,ICE,Gasolina,UKL2,FOCUS SEGMENT,M Performance,SAV,No Renting,1
2023,07,AUDI,Q2,Corporate,ICE,Gasolina,UKL2,FOCUS SEGMENT,Standard,SAV,No Renting,76
2023,07,AUDI,Q2,Corporate,ICE,Gasolina,UKL2,FOCUS SEGMENT,Standard,SAV,Renting,149
2023,07,AUDI,Q2,Private,ICE,Gasolina,UKL2,FOCUS SEGMENT,M Performance,SAV,No Renting,2
2023,07,AUDI,Q2,Private,ICE,Gasolina,UKL2,FOCUS SEGMENT,Standard,SAV,No Renting,109
2023,07,AUDI,Q2,RAC,ICE,Gasolina,UKL2,FOCUS SEGMENT,Standard,SAV,No Renting,63
2023,07,AUDI,Q2,RAC,ICE,Gasolina,UKL2,FOCUS SEGMENT,Standard,SAV,Renting,1
2023,07,AUDI,Q3,Corporate,ICE,Gasolina/Electrico Enchufable,UKL2,FOCUS SEGMENT,M,SAV,No Renting,1
2023,07,AUDI,Q3,Corporate,ICE,Gasolina/Electrico Enchufable,UKL2,FOCUS SEGMENT,Standard,SAV,No Renting,27
2023,07,AUDI,Q3,Corporate,ICE,Gasolina/Electrico Enchufable,UKL2,FOCUS SEGMENT,Standard,SAV,Renting,69
2023,07,AUDI,Q3,Corporate,PHEV,Gasolina/Electrico Enchufable,UKL2,FOCUS SEGMENT,Standard,SAV,No Renting,10
2023,07,AUDI,Q3,Corporate,PHEV,Gasolina/Electrico Enchufable,UKL2,FOCUS SEGMENT,Standard,SAV,Renting,8
2023,07,AUDI,Q3,Private,ICE,Gasolina/Electrico Enchufable,UKL2,FOCUS SEGMENT,M,SAV,No Renting,1
2023,07,AUDI,Q3,Private,ICE,Gasolina/Electrico Enchufable,UKL2,FOCUS SEGMENT,Standard,SAV,No Renting,67
2023,07,AUDI,Q3,Private,PHEV,Gasolina/Electrico Enchufable,UKL2,FOCUS SEGMENT,Standard,SAV,No Renting,8
2023,07,AUDI,Q3,RAC,ICE,Gasolina/Electrico Enchufable,UKL2,FOCUS SEGMENT,Standard,SAV,No Renting,53
2023,07,AUDI,Q3 SPORTBACK,Corporate,ICE,Gasolina/Electrico Enchufable,UKL2,FOCUS SEGMENT,M,SAV,No Renting,5
2023,07,AUDI,Q3 SPORTBACK,Corporate,ICE,Gasolina/Electrico Enchufable,UKL2,FOCUS SEGMENT,M,SAV,Renting,3
2023,07,AUDI,Q3 SPORTBACK,Corporate,ICE,Gasolina/Electrico Enchufable,UKL2,FOCUS SEGMENT,Standard,SAV,No Renting,113
2023,07,AUDI,Q3 SPORTBACK,Corporate,ICE,Gasolina/Electrico Enchufable,UKL2,FOCUS SEGMENT,Standard,SAV,Renting,197
2023,07,AUDI,Q3 SPORTBACK,Corporate,PHEV,Gasolina/Electrico Enchufable,UKL2,FOCUS SEGMENT,Standard,SAV,No Renting,9
2023,07,AUDI,Q3 SPORTBACK,Corporate,PHEV,Gasolina/Electrico Enchufable,UKL2,FOCUS SEGMENT,Standard,SAV,Renting,49
2023,07,AUDI,Q3 SPORTBACK,Private,ICE,Gasolina/Electrico Enchufable,UKL2,FOCUS SEGMENT,M,SAV,No Renting,4
2023,07,AUDI,Q3 SPORTBACK,Private,ICE,Gasolina/Electrico Enchufable,UKL2,FOCUS SEGMENT,Standard,SAV,No Renting,158
2023,07,AUDI,Q3 SPORTBACK,Private,PHEV,Gasolina/Electrico Enchufable,UKL2,FOCUS SEGMENT,Standard,SAV,No Renting,25
2023,07,AUDI,Q3 SPORTBACK,RAC,ICE,Gasolina/Electrico Enchufable,UKL2,FOCUS SEGMENT,Standard,SAV,No Renting,14
2023,07,AUDI,Q4 E-TRON,Corporate,BEV,Electrico,UKL2,FOCUS SEGMENT,Standard,SAV,No Renting,12
2023,07,AUDI,Q4 E-TRON,Corporate,BEV,Electrico,UKL2,FOCUS SEGMENT,Standard,SAV,Renting,18
2023,07,AUDI,Q4 E-TRON,Private,BEV,Electrico,UKL2,FOCUS SEGMENT,Standard,SAV,No Renting,30
2023,07,AUDI,Q4 E-TRON,RAC,BEV,Electrico,UKL2,FOCUS SEGMENT,Standard,SAV,No Renting,1
2023,07,AUDI,Q4 SPORTBACK E-TRON,Corporate,BEV,Electrico,UKL2,FOCUS SEGMENT,Standard,SAV,No Renting,13
2023,07,AUDI,Q4 SPORTBACK E-TRON,Corporate,BEV,Electrico,UKL2,FOCUS SEGMENT,Standard,SAV,Renting,19
2023,07,AUDI,Q4 SPORTBACK E-TRON,Private,BEV,Electrico,UKL2,FOCUS SEGMENT,Standard,SAV,No Renting,27
2023,07,AUDI,Q5,Corporate,ICE,Gasolina/Electrico Enchufable,KKL,FOCUS SEGMENT,M Performance,SAV,No Renting,1
2023,07,AUDI,Q5,Corporate,ICE,Gasolina/Electrico Enchufable,KKL,FOCUS SEGMENT,Standard,SAV,No Renting,19
2023,07,AUDI,Q5,Corporate,ICE,Gasolina/Electrico Enchufable,KKL,FOCUS SEGMENT,Standard,SAV,Renting,83
2023,07,AUDI,Q5,Corporate,PHEV,Gasolina/Electrico Enchufable,KKL,FOCUS SEGMENT,Standard,SAV,No Renting,2
2023,07,AUDI,Q5,Corporate,PHEV,Gasolina/Electrico Enchufable,KKL,FOCUS SEGMENT,Standard,SAV,Renting,9
2023,07,AUDI,Q5,Private,ICE,Gasolina/Electrico Enchufable,KKL,FOCUS SEGMENT,Standard,SAV,No Renting,33
2023,07,AUDI,Q5,Private,PHEV,Gasolina/Electrico Enchufable,KKL,FOCUS SEGMENT,Standard,SAV,No Renting,2
2023,07,AUDI,Q5,RAC,ICE,Gasolina/Electrico Enchufable,KKL,FOCUS SEGMENT,Standard,SAV,No Renting,34
2023,07,AUDI,Q5 SPORTBACK,Corporate,ICE,Gasolina/Electrico Enchufable,KKL,FOCUS SEGMENT,M Performance,SAV,Renting,1
2023,07,AUDI,Q5 SPORTBACK,Corporate,ICE,Gasolina/Electrico Enchufable,KKL,FOCUS SEGMENT,Standard,SAV,No Renting,30
2023,07,AUDI,Q5 SPORTBACK,Corporate,ICE,Gasolina/Electrico Enchufable,KKL,FOCUS SEGMENT,Standard,SAV,Renting,134
2023,07,AUDI,Q5 SPORTBACK,Corporate,PHEV,Gasolina/Electrico Enchufable,KKL,FOCUS SEGMENT,Standard,SAV,No Renting,6
2023,07,AUDI,Q5 SPORTBACK,Corporate,PHEV,Gasolina/Electrico Enchufable,KKL,FOCUS SEGMENT,Standard,SAV,Renting,19
2023,07,AUDI,Q5 SPORTBACK,Private,ICE,Gasolina/Electrico Enchufable,KKL,FOCUS SEGMENT,Standard,SAV,No Renting,37
2023,07,AUDI,Q5 SPORTBACK,Private,PHEV,Gasolina/Electrico Enchufable,KKL,FOCUS SEGMENT,Standard,SAV,No Renting,6
2023,07,AUDI,Q5 SPORTBACK,RAC,ICE,Gasolina/Electrico Enchufable,KKL,FOCUS SEGMENT,Standard,SAV,No Renting,9
2023,07,AUDI,Q7,Corporate,ICE,Gasolina/Electrico Enchufable,MKL,FOCUS SEGMENT,M Performance,SAV,No Renting,1
2023,07,AUDI,Q7,Corporate,ICE,Gasolina/Electrico Enchufable,MKL,FOCUS SEGMENT,M Performance,SAV,Renting,3
2023,07,AUDI,Q7,Corporate,ICE,Gasolina/Electrico Enchufable,MKL,FOCUS SEGMENT,Standard,SAV,No Renting,17
2023,07,AUDI,Q7,Corporate,ICE,Gasolina/Electrico Enchufable,MKL,FOCUS SEGMENT,Standard,SAV,Renting,14
2023,07,AUDI,Q7,Corporate,PHEV,Gasolina/Electrico Enchufable,MKL,FOCUS SEGMENT,Standard,SAV,No Renting,1
2023,07,AUDI,Q7,Corporate,PHEV,Gasolina/Electrico Enchufable,MKL,FOCUS SEGMENT,Standard,SAV,Renting,15
2023,07,AUDI,Q7,Private,ICE,Gasolina/Electrico Enchufable,MKL,FOCUS SEGMENT,M Performance,SAV,No Renting,1
2023,07,AUDI,Q7,Private,ICE,Gasolina/Electrico Enchufable,MKL,FOCUS SEGMENT,Standard,SAV,No Renting,7
2023,07,AUDI,Q8,Corporate,BEV,Gasolina/Electrico Enchufable,MKL,FOCUS SEGMENT,Standard,SAV,No Renting,9
2023,07,AUDI,Q8,Corporate,BEV,Gasolina/Electrico Enchufable,MKL,FOCUS SEGMENT,Standard,SAV,Renting,6
2023,07,AUDI,Q8,Corporate,ICE,Gasolina/Electrico Enchufable,MKL,FOCUS SEGMENT,M,SAV,No Renting,3
2023,07,AUDI,Q8,Corporate,ICE,Gasolina/Electrico Enchufable,MKL,FOCUS SEGMENT,M Performance,SAV,No Renting,4
2023,07,AUDI,Q8,Corporate,ICE,Gasolina/Electrico Enchufable,MKL,FOCUS SEGMENT,Standard,SAV,No Renting,22
2023,07,AUDI,Q8,Corporate,ICE,Gasolina/Electrico Enchufable,MKL,FOCUS SEGMENT,Standard,SAV,Renting,14
2023,07,AUDI,Q8,Corporate,PHEV,Gasolina/Electrico Enchufable,MKL,FOCUS SEGMENT,Standard,SAV,No Renting,8
2023,07,AUDI,Q8,Corporate,PHEV,Gasolina/Electrico Enchufable,MKL,FOCUS SEGMENT,Standard,SAV,Renting,18
2023,07,AUDI,Q8,Private,BEV,Gasolina/Electrico Enchufable,MKL,FOCUS SEGMENT,Standard,SAV,No Renting,4
2023,07,AUDI,Q8,Private,ICE,Gasolina/Electrico Enchufable,MKL,FOCUS SEGMENT,M Performance,SAV,No Renting,1
2023,07,AUDI,Q8,Private,ICE,Gasolina/Electrico Enchufable,MKL,FOCUS SEGMENT,Standard,SAV,No Renting,12
2023,07,AUDI,Q8,Private,PHEV,Gasolina/Electrico Enchufable,MKL,FOCUS SEGMENT,Standard,SAV,No Renting,6
2023,07,AUDI,Q8,RAC,BEV,Gasolina/Electrico Enchufable,MKL,FOCUS SEGMENT,Standard,SAV,No Renting,2
2023,07,AUDI,Q8,RAC,ICE,Gasolina/Electrico Enchufable,MKL,FOCUS SEGMENT,Standard,SAV,No Renting,4
2023,07,AUDI,Q8,RAC,PHEV,Gasolina/Electrico Enchufable,MKL,FOCUS SEGMENT,Standard,SAV,No Renting,2
2023,07,AUDI,R8,Private,ICE,Gasolina,GKL,FOCUS SEGMENT,M,COUPE,No Renting,2
2023,07,AUDI,RS 7 SPORTBACK 3WUAZZZF,Corporate,ICE,Gasolina,,REST,M,,Renting,1
2023,07,AUDI,TT,Private,ICE,Gasolina,KKL,FOCUS SEGMENT,Standard,COUPE,No Renting,2
2023,07,BENTLEY,BENTAYGA,Corporate,ICE,Gasolina/Electrico Enchufable,GKL+,FOCUS SEGMENT,Standard,SAV,No Renting,1
2023,07,BENTLEY,BENTAYGA,Private,ICE,Gasolina/Electrico Enchufable,GKL+,FOCUS SEGMENT,Standard,SAV,No Renting,2
2023,07,BENTLEY,BENTAYGA,Private,PHEV,Gasolina/Electrico Enchufable,GKL+,FOCUS SEGMENT,Standard,SAV,No Renting,1
2023,07,BENTLEY,CONTINENTAL,Corporate,ICE,Gasolina/Electrico Enchufable,GKL+,FOCUS SEGMENT,Standard,CABRIO,No Renting,3
2023,07,BENTLEY,CONTINENTAL,Private,ICE,Gasolina/Electrico Enchufable,GKL+,FOCUS SEGMENT,Standard,CABRIO,No Renting,4
2023,07,BERGADANA,AMBULANCE,Private,ICE,Diesel,,REST,Standard,,No Renting,32
2023,07,BMW,SERIE 1,Corporate,ICE,Gasolina,UKL2,FOCUS SEGMENT,M Performance,HACH 5P,No Renting,8
2023,07,BMW,SERIE 1,Corporate,ICE,Gasolina,UKL2,FOCUS SEGMENT,Standard,HACH 5P,No Renting,98
2023,07,BMW,SERIE 1,Corporate,ICE,Gasolina,UKL2,FOCUS SEGMENT,Standard,HACH 5P,Renting,69
2023,07,BMW,SERIE 1,Private,ICE,Gasolina,UKL2,FOCUS SEGMENT,M Performance,HACH 5P,No Renting,1
2023,07,BMW,SERIE 1,Private,ICE,Gasolina,UKL2,FOCUS SEGMENT,Standard,HACH 5P,No Renting,60
2023,07,BMW,SERIE 1,RAC,ICE,Gasolina,UKL2,FOCUS SEGMENT,Standard,HACH 5P,No Renting,28
2023,07,BMW,SERIE 2,Corporate,ICE,Gasolina/Electrico Enchufable,UKL2,FOCUS SEGMENT,M,MPV,No Renting,7
2023,07,BMW,SERIE 2,Corporate,ICE,Gasolina/Electrico Enchufable,UKL2,FOCUS SEGMENT,M,MPV,Renting,2
2023,07,BMW,SERIE 2,Corporate,ICE,Gasolina/Electrico Enchufable,UKL2,FOCUS SEGMENT,M Performance,MPV,No Renting,2
2023,07,BMW,SERIE 2,Corporate,ICE,Gasolina/Electrico Enchufable,UKL2,FOCUS SEGMENT,Standard,MPV,No Renting,72
2023,07,BMW,SERIE 2,Corporate,ICE,Gasolina/Electrico Enchufable,UKL2,FOCUS SEGMENT,Standard,MPV,Renting,123
2023,07,BMW,SERIE 2,Corporate,PHEV,Gasolina/Electrico Enchufable,UKL2,FOCUS SEGMENT,Standard,MPV,No Renting,2
2023,07,BMW,SERIE 2,Private,ICE,Gasolina/Electrico Enchufable,UKL2,FOCUS SEGMENT,M,MPV,No Renting,3
2023,07,BMW,SERIE 2,Private,ICE,Gasolina/Electrico Enchufable,UKL2,FOCUS SEGMENT,M Performance,MPV,No Renting,1
2023,07,BMW,SERIE 2,Private,ICE,Gasolina/Electrico Enchufable,UKL2,FOCUS SEGMENT,Standard,MPV,No Renting,51
2023,07,BMW,SERIE 2,Private,PHEV,Gasolina/Electrico Enchufable,UKL2,FOCUS SEGMENT,Standard,MPV,No Renting,4
2023,07,BMW,SERIE 2,RAC,ICE,Gasolina/Electrico Enchufable,UKL2,FOCUS SEGMENT,Standard,MPV,Renting,14
2023,07,BMW,SERIE 3,Corporate,ICE,Gasolina,KKL,FOCUS SEGMENT,M,ESTATE,No Renting,4
2023,07,BMW,SERIE 3,Corporate,ICE,Gasolina,KKL,FOCUS SEGMENT,M Performance,ESTATE,No Renting,2
2023,07,BMW,SERIE 3,Corporate,ICE,Gasolina,KKL,FOCUS SEGMENT,M Performance,ESTATE,Renting,4
2023,07,BMW,SERIE 3,Corporate,ICE,Gasolina,KKL,FOCUS SEGMENT,Standard,ESTATE,No Renting,18
2023,07,BMW,SERIE 3,Corporate,ICE,Gasolina,KKL,FOCUS SEGMENT,Standard,ESTATE,Renting,60
2023,07,BMW,SERIE 3,Corporate,PHEV,Gasolina,KKL,FOCUS SEGMENT,Standard,ESTATE,No Renting,19
2023,07,BMW,SERIE 3,Corporate,PHEV,Gasolina,KKL,FOCUS SEGMENT,Standard,ESTATE,Renting,11
2023,07,BMW,SERIE 3,Private,ICE,Gasolina,KKL,FOCUS SEGMENT,Standard,ESTATE,No Renting,24
2023,07,BMW,SERIE 3,Private,PHEV,Gasolina,KKL,FOCUS SEGMENT,Standard,ESTATE,No Renting,4
2023,07,BMW,SERIE 3,RAC,ICE,Gasolina,KKL,FOCUS SEGMENT,M,ESTATE,No Renting,1
2023,07,BMW,SERIE 3,RAC,PHEV,Gasolina,KKL,FOCUS SEGMENT,Standard,ESTATE,Renting,2
2023,07,BMW,SERIE 4,Corporate,ICE,Gasolina,KKL,FOCUS SEGMENT,M,CABRIO,No Renting,9
2023,07,BMW,SERIE 4,Corporate,ICE,Gasolina,KKL,FOCUS SEGMENT,M Performance,CABRIO,No Renting,4
2023,07,BMW,SERIE 4,Corporate,ICE,Gasolina,KKL,FOCUS SEGMENT,M Performance,CABRIO,Renting,2
2023,07,BMW,SERIE 4,Corporate,ICE,Gasolina,KKL,FOCUS SEGMENT,Standard,CABRIO,No Renting,35
2023,07,BMW,SERIE 4,Corporate,ICE,Gasolina,KKL,FOCUS SEGMENT,Standard,CABRIO,Renting,33
2023,07,BMW,SERIE 4,Private,ICE,Gasolina,KKL,FOCUS SEGMENT,M,CABRIO,No Renting,1
2023,07,BMW,SERIE 4,Private,ICE,Gasolina,KKL,FOCUS SEGMENT,M Performance,CABRIO,No Renting,5
2023,07,BMW,SERIE 4,Private,ICE,Gasolina,KKL,FOCUS SEGMENT,Standard,CABRIO,No Renting,50
2023,07,BMW,SERIE 4,RAC,ICE,Gasolina,KKL,FOCUS SEGMENT,M Performance,CABRIO,No Renting,1
2023,07,BMW,SERIE 4,RAC,ICE,Gasolina,KKL,FOCUS SEGMENT,Standard,CABRIO,No Renting,2
2023,07,BMW,SERIE 4,RAC,ICE,Gasolina,KKL,FOCUS SEGMENT,Standard,CABRIO,Renting,9
2023,07,BMW,SERIE 5,Corporate,ICE,Gasolina/Electrico Enchufable,MKL,FOCUS SEGMENT,Standard,ESTATE,No Renting,2
2023,07,BMW,SERIE 5,Corporate,ICE,Gasolina/Electrico Enchufable,MKL,FOCUS SEGMENT,Standard,ESTATE,Renting,9
2023,07,BMW,SERIE 5,Corporate,PHEV,Gasolina/Electrico Enchufable,MKL,FOCUS SEGMENT,Standard,ESTATE,Renting,1
2023,07,BMW,SERIE 5,Private,PHEV,Gasolina/Electrico Enchufable,MKL,FOCUS SEGMENT,Standard,ESTATE,No Renting,1
2023,07,BMW,SERIE 6,Private,ICE,Diesel Mild Hybrid,MKL,FOCUS SEGMENT,Standard,SAT,No Renting,1
2023,07,BMW,SERIE 7,Corporate,ICE,Gasolina/Electrico Enchufable,GKL,FOCUS SEGMENT,Standard,SEDAN,No Renting,4
2023,07,BMW,SERIE 7,Corporate,ICE,Gasolina/Electrico Enchufable,GKL,FOCUS SEGMENT,Standard,SEDAN,Renting,1
2023,07,BMW,SERIE 7,Corporate,PHEV,Gasolina/Electrico Enchufable,GKL,FOCUS SEGMENT,M Performance,SEDAN,No Renting,1
2023,07,BMW,SERIE 7,Corporate,PHEV,Gasolina/Electrico Enchufable,GKL,FOCUS SEGMENT,Standard,SEDAN,No Renting,3
2023,07,BMW,SERIE 7,Corporate,PHEV,Gasolina/Electrico Enchufable,GKL,FOCUS SEGMENT,Standard,SEDAN,Renting,1
2023,07,BMW,SERIE 7,Private,ICE,Gasolina/Electrico Enchufable,GKL,FOCUS SEGMENT,Standard,SEDAN,No Renting,1
2023,07,BMW,SERIE 7,Private,PHEV,Gasolina/Electrico Enchufable,GKL,FOCUS SEGMENT,M Performance,SEDAN,No Renting,1
2023,07,BMW,SERIE 7,RAC,PHEV,Gasolina/Electrico Enchufable,GKL,FOCUS SEGMENT,Standard,SEDAN,Renting,1
2023,07,BMW,SERIE 8,Corporate,ICE,Diesel Mild Hybrid,GKL,FOCUS SEGMENT,M,COUPE,No Renting,2
2023,07,BMW,SERIE 8,Corporate,ICE,Diesel Mild Hybrid,GKL,FOCUS SEGMENT,M Performance,COUPE,Renting,1
2023,07,BMW,SERIE 8,Private,ICE,Diesel Mild Hybrid,GKL,FOCUS SEGMENT,M,COUPE,No Renting,1
2023,07,BMW,SERIE 8,Private,ICE,Diesel Mild Hybrid,GKL,FOCUS SEGMENT,M Performance,COUPE,No Renting,1
2023,07,BMW,SERIE 8,RAC,ICE,Diesel Mild Hybrid,GKL,FOCUS SEGMENT,M,COUPE,Renting,1
2023,07,BMW,X1,Corporate,ICE,Gasolina/Electrico Enchufable,UKL2,FOCUS SEGMENT,Standard,SAV,No Renting,143
2023,07,BMW,X1,Corporate,ICE,Gasolina/Electrico Enchufable,UKL2,FOCUS SEGMENT,Standard,SAV,Renting,252
2023,07,BMW,X1,Corporate,PHEV,Gasolina/Electrico Enchufable,UKL2,FOCUS SEGMENT,Standard,SAV,No Renting,42
2023,07,BMW,X1,Corporate,PHEV,Gasolina/Electrico Enchufable,UKL2,FOCUS SEGMENT,Standard,SAV,Renting,26
2023,07,BMW,X1,Private,ICE,Gasolina/Electrico Enchufable,UKL2,FOCUS SEGMENT,Standard,SAV,No Renting,228
2023,07,BMW,X1,Private,PHEV,Gasolina/Electrico Enchufable,UKL2,FOCUS SEGMENT,Standard,SAV,No Renting,36
2023,07,BMW,X1,RAC,ICE,Gasolina/Electrico Enchufable,UKL2,FOCUS SEGMENT,Standard,SAV,No Renting,33
2023,07,BMW,X1,RAC,PHEV,Gasolina/Electrico Enchufable,UKL2,FOCUS SEGMENT,Standard,SAV,No Renting,15
2023,07,BMW,X2,Corporate,ICE,Diesel Mild Hybrid,UKL2,FOCUS SEGMENT,Standard,SAV,No Renting,11
2023,07,BMW,X2,Corporate,ICE,Diesel Mild Hybrid,UKL2,FOCUS SEGMENT,Standard,SAV,Renting,222
2023,07,BMW,X2,Corporate,PHEV,Diesel Mild Hybrid,UKL2,FOCUS SEGMENT,Standard,SAV,No Renting,1
2023,07,BMW,X2,Corporate,PHEV,Diesel Mild Hybrid,UKL2,FOCUS SEGMENT,Standard,SAV,Renting,5
2023,07,BMW,X2,Private,ICE,Diesel Mild Hybrid,UKL2,FOCUS SEGMENT,Standard,SAV,No Renting,12
2023,07,BMW,X2,Private,PHEV,Diesel Mild Hybrid,UKL2,FOCUS SEGMENT,Standard,SAV,No Renting,1
2023,07,BMW,X2,RAC,ICE,Diesel Mild Hybrid,UKL2,FOCUS SEGMENT,Standard,SAV,Renting,2
2023,07,BMW,X3,Corporate,ICE,Gasolina Mild Hybrid,KKL,FOCUS SEGMENT,M,SAV,No Renting,1
2023,07,BMW,X3,Corporate,ICE,Gasolina Mild Hybrid,KKL,FOCUS SEGMENT,M Performance,SAV,No Renting,2
2023,07,BMW,X3,Corporate,ICE,Gasolina Mild Hybrid,KKL,FOCUS SEGMENT,M Performance,SAV,Renting,1
2023,07,BMW,X3,Corporate,ICE,Gasolina Mild Hybrid,KKL,FOCUS SEGMENT,Standard,SAV,No Renting,74
2023,07,BMW,X3,Corporate,ICE,Gasolina Mild Hybrid,KKL,FOCUS SEGMENT,Standard,SAV,Renting,246
2023,07,BMW,X3,Corporate,PHEV,Gasolina Mild Hybrid,KKL,FOCUS SEGMENT,Standard,SAV,No Renting,24
2023,07,BMW,X3,Corporate,PHEV,Gasolina Mild Hybrid,KKL,FOCUS SEGMENT,Standard,SAV,Renting,25
2023,07,BMW,X3,Private,ICE,Gasolina Mild Hybrid,KKL,FOCUS SEGMENT,M Performance,SAV,No Renting,3
2023,07,BMW,X3,Private,ICE,Gasolina Mild Hybrid,KKL,FOCUS SEGMENT,Standard,SAV,No Renting,73
2023,07,BMW,X3,Private,PHEV,Gasolina Mild Hybrid,KKL,FOCUS SEGMENT,Standard,SAV,No Renting,2
2023,07,BMW,X3,RAC,ICE,Gasolina Mild Hybrid,KKL,FOCUS SEGMENT,M Performance,SAV,Renting,1
2023,07,BMW,X3,RAC,ICE,Gasolina Mild Hybrid,KKL,FOCUS SEGMENT,Standard,SAV,No Renting,4
2023,07,BMW,X3,RAC,PHEV,Gasolina Mild Hybrid,KKL,FOCUS SEGMENT,Standard,SAV,No Renting,5
2023,07,BMW,X4,Corporate,ICE,Diesel Mild Hybrid,KKL,FOCUS SEGMENT,M Performance,SAV,No Renting,11
2023,07,BMW,X4,Corporate,ICE,Diesel Mild Hybrid,KKL,FOCUS SEGMENT,M Performance,SAV,Renting,1
2023,07,BMW,X4,Corporate,ICE,Diesel Mild Hybrid,KKL,FOCUS SEGMENT,Standard,SAV,No Renting,46
2023,07,BMW,X4,Corporate,ICE,Diesel Mild Hybrid,KKL,FOCUS SEGMENT,Standard,SAV,Renting,52
2023,07,BMW,X4,Private,ICE,Diesel Mild Hybrid,KKL,FOCUS SEGMENT,M,SAV,No Renting,2
2023,07,BMW,X4,Private,ICE,Diesel Mild Hybrid,KKL,FOCUS SEGMENT,M Performance,SAV,No Renting,7
2023,07,BMW,X4,Private,ICE,Diesel Mild Hybrid,KKL,FOCUS SEGMENT,Standard,SAV,No Renting,40
2023,07,BMW,X4,RAC,ICE,Diesel Mild Hybrid,KKL,FOCUS SEGMENT,Standard,SAV,No Renting,1
2023,07,BMW,X5,Corporate,ICE,Gasolina/Electrico Enchufable,MKL,FOCUS SEGMENT,M,SAV,No Renting,2
2023,07,BMW,X5,Corporate,ICE,Gasolina/Electrico Enchufable,MKL,FOCUS SEGMENT,M Performance,SAV,No Renting,1
2023,07,BMW,X5,Corporate,ICE,Gasolina/Electrico Enchufable,MKL,FOCUS SEGMENT,M Performance,SAV,Renting,1
2023,07,BMW,X5,Corporate,ICE,Gasolina/Electrico Enchufable,MKL,FOCUS SEGMENT,Standard,SAV,No Renting,30
2023,07,BMW,X5,Corporate,ICE,Gasolina/Electrico Enchufable,MKL,FOCUS SEGMENT,Standard,SAV,Renting,25
2023,07,BMW,X5,Corporate,PHEV,Gasolina/Electrico Enchufable,MKL,FOCUS SEGMENT,Standard,SAV,No Renting,7
2023,07,BMW,X5,Corporate,PHEV,Gasolina/Electrico Enchufable,MKL,FOCUS SEGMENT,Standard,SAV,Renting,14
2023,07,BMW,X5,Private,ICE,Gasolina/Electrico Enchufable,MKL,FOCUS SEGMENT,Standard,SAV,No Renting,7
2023,07,BMW,X5,Private,PHEV,Gasolina/Electrico Enchufable,MKL,FOCUS SEGMENT,Standard,SAV,No Renting,6
2023,07,BMW,X6,Corporate,ICE,Gasolina Mild Hybrid,MKL,FOCUS SEGMENT,M,SAV,No Renting,1
2023,07,BMW,X6,Corporate,ICE,Gasolina Mild Hybrid,MKL,FOCUS SEGMENT,M Performance,SAV,No Renting,4
2023,07,BMW,X6,Corporate,ICE,Gasolina Mild Hybrid,MKL,FOCUS SEGMENT,M Performance,SAV,Renting,1
2023,07,BMW,X6,Corporate,ICE,Gasolina Mild Hybrid,MKL,FOCUS SEGMENT,Standard,SAV,No Renting,20
2023,07,BMW,X6,Corporate,ICE,Gasolina Mild Hybrid,MKL,FOCUS SEGMENT,Standard,SAV,Renting,14
2023,07,BMW,X6,Private,ICE,Gasolina Mild Hybrid,MKL,FOCUS SEGMENT,M,SAV,No Renting,1
2023,07,BMW,X6,Private,ICE,Gasolina Mild Hybrid,MKL,FOCUS SEGMENT,Standard,SAV,No Renting,13
2023,07,BMW,X6,RAC,ICE,Gasolina Mild Hybrid,MKL,FOCUS SEGMENT,M,SAV,Renting,3
2023,07,BMW,X6,RAC,ICE,Gasolina Mild Hybrid,MKL,FOCUS SEGMENT,Standard,SAV,No Renting,1
2023,07,BMW,X7,Corporate,ICE,Gasolina Mild Hybrid,GKL,FOCUS SEGMENT,M Performance,SAV,No Renting,6
2023,07,BMW,X7,Corporate,ICE,Gasolina Mild Hybrid,GKL,FOCUS SEGMENT,M Performance,SAV,Renting,1
2023,07,BMW,X7,Corporate,ICE,Gasolina Mild Hybrid,GKL,FOCUS SEGMENT,Standard,SAV,No Renting,4
2023,07,BMW,X7,Corporate,ICE,Gasolina Mild Hybrid,GKL,FOCUS SEGMENT,Standard,SAV,Renting,3
2023,07,BMW,X7,Private,ICE,Gasolina Mild Hybrid,GKL,FOCUS SEGMENT,Standard,SAV,No Renting,4
2023,07,BMW,XM,Corporate,PHEV,Gasolina/Electrico Enchufable,GKL,FOCUS SEGMENT,M,SAV,No Renting,13
2023,07,BMW,Z4,Corporate,ICE,Gasolina,KKL,FOCUS SEGMENT,Standard,ROADSTER,No Renting,1
2023,07,BMW,Z4,Private,ICE,Gasolina,KKL,FOCUS SEGMENT,Standard,ROADSTER,No Renting,4
2023,07,BMW,i4,Corporate,BEV,Electrico,KKL,FOCUS SEGMENT,M Performance,SEDAN,No Renting,10
2023,07,BMW,i4,Corporate,BEV,Electrico,KKL,FOCUS SEGMENT,M Performance,SEDAN,Renting,1
2023,07,BMW,i4,Corporate,BEV,Electrico,KKL,FOCUS SEGMENT,Standard,SEDAN,No Renting,11
2023,07,BMW,i4,Corporate,BEV,Electrico,KKL,FOCUS SEGMENT,Standard,SEDAN,Renting,16
2023,07,BMW,i4,Private,BEV,Electrico,KKL,FOCUS SEGMENT,Standard,SEDAN,No Renting,15
2023,07,BMW,i7,Corporate,BEV,Electrico,GKL,FOCUS SEGMENT,Standard,SEDAN,No Renting,4
2023,07,BMW,i7,Private,BEV,Electrico,GKL,FOCUS SEGMENT,Standard,SEDAN,No Renting,1
2023,07,BMW,iX,Corporate,BEV,Electrico,MKL,FOCUS SEGMENT,M Performance,SAV,No Renting,1
2023,07,BMW,iX,Corporate,BEV,Electrico,MKL,FOCUS SEGMENT,Standard,SAV,No Renting,23
2023,07,BMW,iX,Corporate,BEV,Electrico,MKL,FOCUS SEGMENT,Standard,SAV,Renting,1
2023,07,BMW,iX,Private,BEV,Electrico,MKL,FOCUS SEGMENT,Standard,SAV,No Renting,3
2023,07,BMW,iX1,Corporate,BEV,Electrico,UKL2,FOCUS SEGMENT,Standard,SAV,No Renting,23
2023,07,BMW,iX1,Corporate,BEV,Electrico,UKL2,FOCUS SEGMENT,Standard,SAV,Renting,11
2023,07,BMW,iX1,Private,BEV,Electrico,UKL2,FOCUS SEGMENT,Standard,SAV,No Renting,23
2023,07,BMW,iX3,Corporate,BEV,Electrico,KKL,FOCUS SEGMENT,Standard,SAV,No Renting,4
2023,07,BMW,iX3,Corporate,BEV,Electrico,KKL,FOCUS SEGMENT,Standard,SAV,Renting,8
2023,07,BMW,iX3,Private,BEV,Electrico,KKL,FOCUS SEGMENT,Standard,SAV,No Renting,2
2023,07,BYD,ATTO 3,Corporate,BEV,Electrico,UKL2,REST,Standard,SAV,No Renting,3
2023,07,BYD,ATTO 3,Private,BEV,Electrico,UKL2,REST,Standard,SAV,No Renting,12
2023,07,BYD,HAN,Corporate,BEV,Electrico,MKL,REST,Standard,SEDAN,No Renting,1
2023,07,BYD,TANG,Private,BEV,Electrico,KKL,REST,Standard,SAV,No Renting,1
2023,07,CARROCERIAS BARAJAS,MASTER,Private,ICE,Diesel,,REST,Standard,,No Renting,1
2023,07,CARROCERIAS CARRAÑACA,CANTER,Corporate,ICE,Diesel,,REST,Standard,,No Renting,3
2023,07,CARROCERIAS CARRAÑACA,CANTER,Private,ICE,Diesel,,REST,Standard,,No Renting,1
2023,07,CARROCERIAS SANCA SA,M27 F SERIE BLUE,Corporate,ICE,Diesel,,REST,Standard,,No Renting,1
2023,07,CARROCEROS F&G,CCAB RTWD 3T5,Corporate,ICE,Diesel,,REST,Standard,,No Renting,1
2023,07,CARROCEROS F&G,M27F,Corporate,ICE,Diesel,,REST,Standard,,No Renting,1
2023,07,CAYVOL,ISUZU,Corporate,ICE,Diesel,,REST,Standard,,Renting,1
2023,07,CAYVOL,N/A,Corporate,ICE,Diesel,,REST,Standard,,No Renting,10
2023,07,CAYVOL,N/A,RAC,ICE,Diesel,,REST,Standard,,No Renting,1
2023,07,CENNTRO,CENNTRO,Corporate,BEV,Electrico,,REST,Standard,,No Renting,1
2023,07,CENNTRO,METRO,Corporate,BEV,Electrico,SKL,REST,Standard,TRANSPORTER,No Renting,1
2023,07,CHEVROLET,CHEVROLET,Corporate,ICE,Gasolina,,REST,Standard,,No Renting,1
2023,07,CHEVROLET,CORVETTE,Corporate,ICE,Gasolina,,REST,Standard,,No Renting,1
2023,07,CHT,TRANSPORTER,Corporate,ICE,Diesel,,REST,Standard,,No Renting,3
2023,07,CITROEN,422,RAC,ICE,Diesel,,REST,Standard,,No Renting,1
2023,07,CITROEN,BERLINGO,Corporate,BEV,Electrico,SKL,REST,Standard,TRANSPORTER,No Renting,37
2023,07,CITROEN,BERLINGO,Corporate,BEV,Electrico,SKL,REST,Standard,TRANSPORTER,Renting,49
2023,07,CITROEN,BERLINGO,Corporate,ICE,Electrico,SKL,REST,Standard,TRANSPORTER,No Renting,118
2023,07,CITROEN,BERLINGO,Corporate,ICE,Electrico,SKL,REST,Standard,TRANSPORTER,Renting,369
2023,07,CITROEN,BERLINGO,Private,BEV,Electrico,SKL,REST,Standard,TRANSPORTER,No Renting,3
2023,07,CITROEN,BERLINGO,Private,ICE,Electrico,SKL,REST,Standard,TRANSPORTER,No Renting,73
2023,07,CITROEN,BERLINGO,RAC,ICE,Electrico,SKL,REST,Standard,TRANSPORTER,No Renting,32
2023,07,CITROEN,BERLINGO,RAC,ICE,Electrico,SKL,REST,Standard,TRANSPORTER,Renting,3
2023,07,CITROEN,C3,Corporate,ICE,Gasolina Mild Hybrid,UKL1,REST,Standard,HACH 5P,No Renting,147
2023,07,CITROEN,C3,Corporate,ICE,Gasolina Mild Hybrid,UKL1,REST,Standard,HACH 5P,Renting,107
2023,07,CITROEN,C3,Private,ICE,Gasolina Mild Hybrid,UKL1,REST,Standard,HACH 5P,No Renting,188
2023,07,CITROEN,C3,RAC,ICE,Gasolina Mild Hybrid,UKL1,REST,Standard,HACH 5P,No Renting,334
2023,07,CITROEN,C3,RAC,ICE,Gasolina Mild Hybrid,UKL1,REST,Standard,HACH 5P,Renting,167
2023,07,CITROEN,C3 AIRCROSS,Corporate,ICE,Gasolina Mild Hybrid,UKL2,REST,Standard,SAV,No Renting,246
2023,07,CITROEN,C3 AIRCROSS,Corporate,ICE,Gasolina Mild Hybrid,UKL2,REST,Standard,SAV,Renting,86
2023,07,CITROEN,C3 AIRCROSS,Private,ICE,Gasolina Mild Hybrid,UKL2,REST,Standard,SAV,No Renting,290
2023,07,CITROEN,C3 AIRCROSS,RAC,ICE,Gasolina Mild Hybrid,UKL2,REST,Standard,SAV,No Renting,87
2023,07,CITROEN,C3 AIRCROSS,RAC,ICE,Gasolina Mild Hybrid,UKL2,REST,Standard,SAV,Renting,1
2023,07,CITROEN,C4,Corporate,BEV,Gasolina Mild Hybrid,UKL2,REST,Standard,HACH 5P,No Renting,39
2023,07,CITROEN,C4,Corporate,BEV,Gasolina Mild Hybrid,UKL2,REST,Standard,HACH 5P,Renting,1
2023,07,CITROEN,C4,Corporate,ICE,Gasolina Mild Hybrid,UKL2,REST,Standard,HACH 5P,No Renting,213
2023,07,CITROEN,C4,Corporate,ICE,Gasolina Mild Hybrid,UKL2,REST,Standard,HACH 5P,Renting,159
2023,07,CITROEN,C4,Private,BEV,Gasolina Mild Hybrid,UKL2,REST,Standard,HACH 5P,No Renting,11
2023,07,CITROEN,C4,Private,ICE,Gasolina Mild Hybrid,UKL2,REST,Standard,HACH 5P,No Renting,341
2023,07,CITROEN,C4,RAC,BEV,Gasolina Mild Hybrid,UKL2,REST,Standard,HACH 5P,No Renting,5
2023,07,CITROEN,C4,RAC,BEV,Gasolina Mild Hybrid,UKL2,REST,Standard,HACH 5P,Renting,2
2023,07,CITROEN,C4,RAC,ICE,Gasolina Mild Hybrid,UKL2,REST,Standard,HACH 5P,No Renting,180
2023,07,CITROEN,C4,RAC,ICE,Gasolina Mild Hybrid,UKL2,REST,Standard,HACH 5P,Renting,12
2023,07,CITROEN,C4X,Corporate,BEV,Gasolina Mild Hybrid,UKL2,REST,Standard,SEDAN,No Renting,6
2023,07,CITROEN,C4X,Corporate,ICE,Gasolina Mild Hybrid,UKL2,REST,Standard,SEDAN,No Renting,34
2023,07,CITROEN,C4X,Corporate,ICE,Gasolina Mild Hybrid,UKL2,REST,Standard,SEDAN,Renting,4
2023,07,CITROEN,C4X,Private,BEV,Gasolina Mild Hybrid,UKL2,REST,Standard,SEDAN,No Renting,1
2023,07,CITROEN,C4X,Private,ICE,Gasolina Mild Hybrid,UKL2,REST,Standard,SEDAN,No Renting,54
2023,07,CITROEN,C4X,RAC,BEV,Gasolina Mild Hybrid,UKL2,REST,Standard,SEDAN,No Renting,1
2023,07,CITROEN,C5 AIRCROSS,Corporate,ICE,Gasolina/Electrico Enchufable,UKL2,REST,Standard,SAV,No Renting,68
2023,07,CITROEN,C5 AIRCROSS,Corporate,ICE,Gasolina/Electrico Enchufable,UKL2,REST,Standard,SAV,Renting,14
2023,07,CITROEN,C5 AIRCROSS,Corporate,PHEV,Gasolina/Electrico Enchufable,UKL2,REST,Standard,SAV,No Renting,57
2023,07,CITROEN,C5 AIRCROSS,Corporate,PHEV,Gasolina/Electrico Enchufable,UKL2,REST,Standard,SAV,Renting,32
2023,07,CITROEN,C5 AIRCROSS,Private,ICE,Gasolina/Electrico Enchufable,UKL2,REST,Standard,SAV,No Renting,106
2023,07,CITROEN,C5 AIRCROSS,Private,PHEV,Gasolina/Electrico Enchufable,UKL2,REST,Standard,SAV,No Renting,4
2023,07,CITROEN,C5 AIRCROSS,RAC,ICE,Gasolina/Electrico Enchufable,UKL2,REST,Standard,SAV,No Renting,4
2023,07,CITROEN,C5 AIRCROSS,RAC,ICE,Gasolina/Electrico Enchufable,UKL2,REST,Standard,SAV,Renting,1
2023,07,CITROEN,C5 AIRCROSS,RAC,PHEV,Gasolina/Electrico Enchufable,UKL2,REST,Standard,SAV,No Renting,2
2023,07,CITROEN,C5 AIRCROSS,RAC,PHEV,Gasolina/Electrico Enchufable,UKL2,REST,Standard,SAV,Renting,1
2023,07,CITROEN,C5X,Corporate,ICE,Gasolina/Electrico Enchufable,MKL,REST,Standard,SEDAN,No Renting,16
2023,07,CITROEN,C5X,Corporate,ICE,Gasolina/Electrico Enchufable,MKL,REST,Standard,SEDAN,Renting,5
2023,07,CITROEN,C5X,Corporate,PHEV,Gasolina/Electrico Enchufable,MKL,REST,Standard,SEDAN,No Renting,13
2023,07,CITROEN,C5X,Private,ICE,Gasolina/Electrico Enchufable,MKL,REST,Standard,SEDAN,No Renting,30
2023,07,CITROEN,C5X,Private,PHEV,Gasolina/Electrico Enchufable,MKL,REST,Standard,SEDAN,No Renting,7
2023,07,CITROEN,C5X,RAC,ICE,Gasolina/Electrico Enchufable,MKL,REST,Standard,SEDAN,Renting,2
2023,07,CITROEN,JUMPER,Corporate,ICE,Diesel,SKL,REST,Standard,TRANSPORTER,No Renting,83
2023,07,CITROEN,JUMPER,Corporate,ICE,Diesel,SKL,REST,Standard,TRANSPORTER,Renting,25
2023,07,CITROEN,JUMPER,Private,ICE,Diesel,SKL,REST,Standard,TRANSPORTER,No Renting,37
2023,07,CITROEN,JUMPER,RAC,ICE,Diesel,SKL,REST,Standard,TRANSPORTER,No Renting,30
2023,07,CITROEN,JUMPY,Corporate,BEV,Electrico,SKL,REST,Standard,TRANSPORTER,No Renting,8
2023,07,CITROEN,JUMPY,Corporate,BEV,Electrico,SKL,REST,Standard,TRANSPORTER,Renting,6
2023,07,CITROEN,JUMPY,Corporate,ICE,Electrico,SKL,REST,Standard,TRANSPORTER,No Renting,78
2023,07,CITROEN,JUMPY,Corporate,ICE,Electrico,SKL,REST,Standard,TRANSPORTER,Renting,153
2023,07,CITROEN,JUMPY,Private,ICE,Electrico,SKL,REST,Standard,TRANSPORTER,No Renting,14
2023,07,CITROEN,JUMPY,RAC,ICE,Electrico,SKL,REST,Standard,TRANSPORTER,No Renting,3
2023,07,CITROEN,JUMPY,RAC,ICE,Electrico,SKL,REST,Standard,TRANSPORTER,Renting,3
2023,07,CITROEN,PLA9 2B3MA,RAC,ICE,Diesel,,REST,Standard,,No Renting,1
2023,07,CITROEN,SPACETOURER,Corporate,BEV,Electrico,SKL,REST,Standard,TRANSPORTER,No Renting,1
2023,07,CITROEN,SPACETOURER,Corporate,ICE,Electrico,SKL,REST,Standard,TRANSPORTER,No Renting,1
2023,07,CITROEN,SPACETOURER,Private,BEV,Electrico,SKL,REST,Standard,TRANSPORTER,No Renting,1
2023,07,CITROEN,V66,RAC,ICE,Diesel,,REST,Standard,,No Renting,1
2023,07,CODETRANS,TOYOTA LAND CRUISER,Corporate,ICE,Diesel,,REST,Standard,,No Renting,1
2023,07,COMPOCARR,FIAT DUCATO,RAC,ICE,Diesel,,REST,Standard,,No Renting,1
2023,07,COOLGADES,N/A,Corporate,ICE,Diesel,,REST,Standard,,No Renting,2
2023,07,COOLGADES,N/A,Corporate,ICE,Diesel,,REST,Standard,,Renting,3
2023,07,COVALCA,35S14,Corporate,ICE,Diesel,,REST,Standard,,No Renting,3
2023,07,COVALCA,INTERSTAR,Private,ICE,Diesel,,REST,Standard,,No Renting,1
2023,07,COVALCA,MASTER,Corporate,ICE,Diesel,,REST,Standard,,No Renting,1
2023,07,COVALCA,MASTER ESSENTIAL,Corporate,ICE,Diesel,,REST,Standard,,No Renting,1
2023,07,CUPRA,BORN,Corporate,BEV,Electrico,UKL2,REST,Standard,HACH 5P,No Renting,40
2023,07,CUPRA,BORN,Corporate,BEV,Electrico,UKL2,REST,Standard,HACH 5P,Renting,11
2023,07,CUPRA,BORN,Private,BEV,Electrico,UKL2,REST,Standard,HACH 5P,No Renting,9
2023,07,CUPRA,BORN,RAC,BEV,Electrico,UKL2,REST,Standard,HACH 5P,No Renting,12
2023,07,CUPRA,CUPRA ATECA,Corporate,ICE,Gasolina,UKL2,REST,Standard,SAT,No Renting,11
2023,07,CUPRA,CUPRA ATECA,Private,ICE,Gasolina,UKL2,REST,Standard,SAT,No Renting,4
2023,07,CUPRA,CUPRA ATECA,RAC,ICE,Gasolina,UKL2,REST,Standard,SAT,No Renting,1
2023,07,CUPRA,CUPRA LEON,Corporate,ICE,Gasolina/Electrico Enchufable,UKL2,REST,Standard,HACH 5P,No Renting,380
2023,07,CUPRA,CUPRA LEON,Corporate,ICE,Gasolina/Electrico Enchufable,UKL2,REST,Standard,HACH 5P,Renting,342
2023,07,CUPRA,CUPRA LEON,Corporate,PHEV,Gasolina/Electrico Enchufable,UKL2,REST,Standard,HACH 5P,No Renting,5
2023,07,CUPRA,CUPRA LEON,Private,ICE,Gasolina/Electrico Enchufable,UKL2,REST,Standard,HACH 5P,No Renting,144
2023,07,CUPRA,CUPRA LEON,Private,PHEV,Gasolina/Electrico Enchufable,UKL2,REST,Standard,HACH 5P,No Renting,2
2023,07,CUPRA,FORMENTOR,Corporate,ICE,Gasolina/Electrico Enchufable,UKL2,REST,Standard,SAT,No Renting,334
2023,07,CUPRA,FORMENTOR,Corporate,ICE,Gasolina/Electrico Enchufable,UKL2,REST,Standard,SAT,Renting,302
2023,07,CUPRA,FORMENTOR,Corporate,PHEV,Gasolina/Electrico Enchufable,UKL2,REST,Standard,SAT,No Renting,91
2023,07,CUPRA,FORMENTOR,Corporate,PHEV,Gasolina/Electrico Enchufable,UKL2,REST,Standard,SAT,Renting,56
2023,07,CUPRA,FORMENTOR,Private,ICE,Gasolina/Electrico Enchufable,UKL2,REST,Standard,SAT,No Renting,323
2023,07,CUPRA,FORMENTOR,Private,PHEV,Gasolina/Electrico Enchufable,UKL2,REST,Standard,SAT,No Renting,27
2023,07,CUPRA,FORMENTOR,RAC,ICE,Gasolina/Electrico Enchufable,UKL2,REST,Standard,SAT,No Renting,79
2023,07,CUPRA,TAVASCAN,Corporate,BEV,Electrico,UKL2,REST,Standard,SAV,No Renting,1
2023,07,DACIA,DUSTER,Corporate,ICE,Gasolina/Electrico,SKL,REST,Standard,PICKUP,No Renting,96
2023,07,DACIA,DUSTER,Corporate,ICE,Gasolina/Electrico,SKL,REST,Standard,PICKUP,Renting,227
2023,07,DACIA,DUSTER,Private,ICE,Gasolina/Electrico,SKL,REST,Standard,PICKUP,No Renting,691
2023,07,DACIA,DUSTER,RAC,ICE,Gasolina/Electrico,SKL,REST,Standard,PICKUP,No Renting,6
2023,07,DACIA,JOGGER,Corporate,ICE,Gasolina/Electrico,UKL2,REST,Standard,MPV,No Renting,67
2023,07,DACIA,JOGGER,Corporate,ICE,Gasolina/Electrico,UKL2,REST,Standard,MPV,Renting,35
2023,07,DACIA,JOGGER,Private,ICE,Gasolina/Electrico,UKL2,REST,Standard,MPV,No Renting,433
2023,07,DACIA,JOGGER,RAC,ICE,Gasolina/Electrico,UKL2,REST,Standard,MPV,No Renting,21
2023,07,DACIA,JOGGER,RAC,ICE,Gasolina/Electrico,UKL2,REST,Standard,MPV,Renting,2
2023,07,DACIA,SANDERO,Corporate,ICE,Gasolina,UKL1,REST,Standard,HACH 5P,No Renting,151
2023,07,DACIA,SANDERO,Corporate,ICE,Gasolina,UKL1,REST,Standard,HACH 5P,Renting,63
2023,07,DACIA,SANDERO,Private,ICE,Gasolina,UKL1,REST,Standard,HACH 5P,No Renting,2067
2023,07,DACIA,SANDERO,RAC,ICE,Gasolina,UKL1,REST,Standard,HACH 5P,No Renting,34
2023,07,DACIA,SANDERO,RAC,ICE,Gasolina,UKL1,REST,Standard,HACH 5P,Renting,22
2023,07,DACIA,SPRING,Corporate,BEV,Electrico,UKL0,REST,Standard,SAV,No Renting,39
2023,07,DACIA,SPRING,Corporate,BEV,Electrico,UKL0,REST,Standard,SAV,Renting,12
2023,07,DACIA,SPRING,Private,BEV,Electrico,UKL0,REST,Standard,SAV,No Renting,48
2023,07,DFSK,580,Corporate,ICE,Gasolina,UKL2,REST,Standard,SUV,No Renting,1
2023,07,DFSK,580,Private,ICE,Gasolina,UKL2,REST,Standard,SUV,No Renting,3
2023,07,DFSK,580,RAC,ICE,Gasolina,UKL2,REST,Standard,SUV,No Renting,3
2023,07,DFSK,C31,Corporate,ICE,Gasolina,,REST,Standard,,No Renting,5
2023,07,DFSK,C32,Corporate,ICE,Gas Licuado con petroleo (GLP),,REST,Standard,,No Renting,2
2023,07,DFSK,C32,Corporate,ICE,Gasolina,,REST,Standard,,No Renting,10
2023,07,DFSK,DFSK EC31,Corporate,BEV,Electrico,,REST,Standard,,No Renting,6
2023,07,DFSK,DFSK EC35,Corporate,BEV,Electrico,,REST,Standard,,No Renting,5
2023,07,DFSK,FENGON,Corporate,ICE,Gasolina,,,Standard,,No Renting,1
2023,07,DFSK,FENGON,Private,ICE,Gasolina,,,Standard,,No Renting,6
2023,07,DFSK,FENGON,RAC,ICE,Gasolina,,,Standard,,No Renting,2
2023,07,DFSK,IX5,Corporate,ICE,Gasolina,KKL,REST,Standard,SAV,No Renting,1
2023,07,DFSK,K02L,Corporate,ICE,Gasolina,,REST,Standard,,No Renting,1
2023,07,DFSK,SERIE K,Corporate,BEV,Electrico,SKL,REST,Standard,TRANSPORTER,No Renting,3
2023,07,DFSK,SERIE K,Corporate,ICE,Gas Licuado con petroleo (GLP),SKL,REST,Standard,TRANSPORTER,No Renting,2
2023,07,DFSK,SERIE K,Corporate,ICE,Gasolina,SKL,REST,Standard,TRANSPORTER,No Renting,17
2023,07,DR,DR5,Private,ICE,Gasolina,UKL2,REST,Standard,SAV,No Renting,1
2023,07,DR,EVO,Corporate,ICE,Gasolina,UKL1,REST,Standard,SAV,No Renting,2
2023,07,DR,EVO,Private,ICE,Gasolina,UKL1,REST,Standard,SAV,No Renting,2
2023,07,DR,EVO4,Corporate,ICE,Gas Licuado con petroleo (GLP),,,Standard,,No Renting,1
2023,07,DR,EVO4,Private,ICE,Gas Licuado con petroleo (GLP),,,Standard,,No Renting,5
2023,07,DS,DS3 CROSSBACK,Corporate,BEV,Gasolina Mild Hybrid,UKL1,REST,Standard,HACH 3P,No Renting,4
2023,07,DS,DS3 CROSSBACK,Corporate,ICE,Gasolina Mild Hybrid,UKL1,REST,Standard,HACH 3P,No Renting,2
2023,07,DS,DS3 CROSSBACK,Corporate,ICE,Gasolina Mild Hybrid,UKL1,REST,Standard,HACH 3P,Renting,10
2023,07,DS,DS3 CROSSBACK,Private,BEV,Gasolina Mild Hybrid,UKL1,REST,Standard,HACH 3P,No Renting,1
2023,07,DS,DS3 CROSSBACK,Private,ICE,Gasolina Mild Hybrid,UKL1,REST,Standard,HACH 3P,No Renting,3
2023,07,DS,DS3 CROSSBACK,RAC,BEV,Gasolina Mild Hybrid,UKL1,REST,Standard,HACH 3P,Renting,1
2023,07,DS,DS4,Corporate,ICE,Gasolina/Electrico Enchufable,UKL2,REST,Standard,HACH 5P,No Renting,13
2023,07,DS,DS4,Corporate,ICE,Gasolina/Electrico Enchufable,UKL2,REST,Standard,HACH 5P,Renting,11
2023,07,DS,DS4,Corporate,PHEV,Gasolina/Electrico Enchufable,UKL2,REST,Standard,HACH 5P,No Renting,6
2023,07,DS,DS4,Corporate,PHEV,Gasolina/Electrico Enchufable,UKL2,REST,Standard,HACH 5P,Renting,4
2023,07,DS,DS4,Private,ICE,Gasolina/Electrico Enchufable,UKL2,REST,Standard,HACH 5P,No Renting,6
2023,07,DS,DS4,Private,PHEV,Gasolina/Electrico Enchufable,UKL2,REST,Standard,HACH 5P,No Renting,6
2023,07,DS,DS4,RAC,ICE,Gasolina/Electrico Enchufable,UKL2,REST,Standard,HACH 5P,No Renting,6
2023,07,DS,DS4,RAC,ICE,Gasolina/Electrico Enchufable,UKL2,REST,Standard,HACH 5P,Renting,6
2023,07,DS,DS4,RAC,PHEV,Gasolina/Electrico Enchufable,UKL2,REST,Standard,HACH 5P,No Renting,1
2023,07,DS,DS4,RAC,PHEV,Gasolina/Electrico Enchufable,UKL2,REST,Standard,HACH 5P,Renting,7
2023,07,DS,DS7 CROSSBACK,Corporate,ICE,Gasolina/Electrico Enchufable,UKL2,REST,Standard,SAV,No Renting,7
2023,07,DS,DS7 CROSSBACK,Corporate,ICE,Gasolina/Electrico Enchufable,UKL2,REST,Standard,SAV,Renting,70
2023,07,DS,DS7 CROSSBACK,Corporate,PHEV,Gasolina/Electrico Enchufable,UKL2,REST,Standard,SAV,No Renting,10
2023,07,DS,DS7 CROSSBACK,Corporate,PHEV,Gasolina/Electrico Enchufable,UKL2,REST,Standard,SAV,Renting,47
2023,07,DS,DS7 CROSSBACK,Private,ICE,Gasolina/Electrico Enchufable,UKL2,REST,Standard,SAV,No Renting,19
2023,07,DS,DS7 CROSSBACK,Private,PHEV,Gasolina/Electrico Enchufable,UKL2,REST,Standard,SAV,No Renting,20
2023,07,DS,DS7 CROSSBACK,RAC,ICE,Gasolina/Electrico Enchufable,UKL2,REST,Standard,SAV,No Renting,1
2023,07,DS,DS7 CROSSBACK,RAC,ICE,Gasolina/Electrico Enchufable,UKL2,REST,Standard,SAV,Renting,3
2023,07,DS,DS7 CROSSBACK,RAC,PHEV,Gasolina/Electrico Enchufable,UKL2,REST,Standard,SAV,Renting,2
2023,07,DS,DS9,Corporate,PHEV,Gasolina,KKL,REST,Standard,SEDAN,No Renting,5
2023,07,DS,DS9,Corporate,PHEV,Gasolina,KKL,REST,Standard,SEDAN,Renting,5
2023,07,DS,DS9,RAC,PHEV,Gasolina,KKL,REST,Standard,SEDAN,Renting,1
2023,07,ECHEVARRIA,50C/35,Private,ICE,Diesel,,REST,Standard,,No Renting,1
2023,07,EQUIPFRED,M21T E,Corporate,ICE,Diesel,,REST,Standard,,No Renting,1
2023,07,ERKE,TRANSPORTER ERKE,Corporate,ICE,Diesel,,REST,Standard,,Renting,2
2023,07,EURA-MOBIL,DEXTER 581,Private,ICE,Diesel,,REST,Standard,,No Renting,2
2023,07,FERRARI,296,Corporate,PHEV,Gasolina/Electrico Enchufable,GKL+,FOCUS SEGMENT,Standard,COUPE,No Renting,1
2023,07,FERRARI,296,Private,PHEV,Gasolina/Electrico Enchufable,GKL+,FOCUS SEGMENT,Standard,COUPE,No Renting,1
2023,07,FERRARI,296,RAC,PHEV,Gasolina/Electrico Enchufable,GKL+,FOCUS SEGMENT,Standard,COUPE,No Renting,1
2023,07,FERRARI,812,Corporate,ICE,Gasolina,GKL+,FOCUS SEGMENT,Standard,COUPE,No Renting,2
2023,07,FERRARI,812,Private,ICE,Gasolina,GKL+,FOCUS SEGMENT,Standard,COUPE,No Renting,1
2023,07,FERRARI,PORTOFINO,Private,ICE,Gasolina,GKL+,FOCUS SEGMENT,Standard,CABRIO,No Renting,2
2023,07,FERRARI,ROMA,Corporate,ICE,Gasolina,GKL+,FOCUS SEGMENT,Standard,COUPE,No Renting,2
2023,07,FERRARI,ROMA,Private,ICE,Gasolina,GKL+,FOCUS SEGMENT,Standard,COUPE,No Renting,1
2023,07,FERRARI,ROMA,RAC,ICE,Gasolina,GKL+,FOCUS SEGMENT,Standard,COUPE,No Renting,1
2023,07,FERRARI,SF90,Private,PHEV,Gasolina/Electrico Enchufable,GKL+,FOCUS SEGMENT,Standard,COUPE,No Renting,1
2023,07,FERRARI,SF90,Private,PHEV,Gasolina/Electrico Enchufable,GKL+,FOCUS SEGMENT,Standard,ROADSTER,No Renting,1
2023,07,FIAT,500,Corporate,BEV,Gasolina Mild Hybrid,UKL0,REST,Standard,HACH 3P,No Renting,37
2023,07,FIAT,500,Corporate,BEV,Gasolina Mild Hybrid,UKL0,REST,Standard,HACH 3P,Renting,5
2023,07,FIAT,500,Corporate,ICE,Gasolina Mild Hybrid,UKL0,REST,Standard,HACH 3P,No Renting,120
2023,07,FIAT,500,Corporate,ICE,Gasolina Mild Hybrid,UKL0,REST,Standard,HACH 3P,Renting,445
2023,07,FIAT,500,Private,BEV,Gasolina Mild Hybrid,UKL0,REST,Standard,HACH 3P,No Renting,9
2023,07,FIAT,500,Private,ICE,Gasolina Mild Hybrid,UKL0,REST,Standard,HACH 3P,No Renting,115
2023,07,FIAT,500,RAC,BEV,Gasolina Mild Hybrid,UKL0,REST,Standard,HACH 3P,Renting,4
2023,07,FIAT,500,RAC,ICE,Gasolina Mild Hybrid,UKL0,REST,Standard,HACH 3P,No Renting,117
2023,07,FIAT,500,RAC,ICE,Gasolina Mild Hybrid,UKL0,REST,Standard,HACH 3P,Renting,15
2023,07,FIAT,500X,Corporate,ICE,Gasolina,,,Standard,,No Renting,54
2023,07,FIAT,500X,Corporate,ICE,Gasolina,,,Standard,,Renting,2
2023,07,FIAT,500X,Private,ICE,Gasolina,,,Standard,,No Renting,43
2023,07,FIAT,A7300 DB,RAC,ICE,Diesel,,REST,Standard,,No Renting,1
2023,07,FIAT,ABARTH 500,Corporate,ICE,Gasolina,,REST,Standard,,No Renting,1
2023,07,FIAT,ABARTH 500,Private,ICE,Gasolina,,REST,Standard,,No Renting,5
2023,07,FIAT,ABARTH 500,RAC,ICE,Gasolina,,REST,Standard,,No Renting,47
2023,07,FIAT,C601,Private,ICE,Diesel,,REST,Standard,,No Renting,1
2023,07,FIAT,C601,RAC,ICE,Diesel,,REST,Standard,,No Renting,1
2023,07,FIAT,CVE 601,RAC,ICE,Diesel,,REST,Standard,,No Renting,1
2023,07,FIAT,DOBLO CARGO,Corporate,BEV,Electrico,SKL,REST,Standard,TRANSPORTER,No Renting,9
2023,07,FIAT,DOBLO CARGO,Corporate,ICE,Electrico,SKL,REST,Standard,TRANSPORTER,No Renting,25
2023,07,FIAT,DOBLO CARGO,Corporate,ICE,Electrico,SKL,REST,Standard,TRANSPORTER,Renting,34
2023,07,FIAT,DOBLO CARGO,Private,ICE,Electrico,SKL,REST,Standard,TRANSPORTER,No Renting,9
2023,07,FIAT,DOBLO CARGO,RAC,ICE,Electrico,SKL,REST,Standard,TRANSPORTER,No Renting,7
2023,07,FIAT,DOBLO CARGO,RAC,ICE,Electrico,SKL,REST,Standard,TRANSPORTER,Renting,5
2023,07,FIAT,DUCATO,Corporate,ICE,Diesel,SKL,REST,Standard,TRANSPORTER,No Renting,181
2023,07,FIAT,DUCATO,Corporate,ICE,Diesel,SKL,REST,Standard,TRANSPORTER,Renting,90
2023,07,FIAT,DUCATO,Private,ICE,Diesel,SKL,REST,Standard,TRANSPORTER,No Renting,113
2023,07,FIAT,DUCATO,RAC,ICE,Diesel,SKL,REST,Standard,TRANSPORTER,No Renting,83
2023,07,FIAT,DUCATO,RAC,ICE,Diesel,SKL,REST,Standard,TRANSPORTER,Renting,1
2023,07,FIAT,FIORINO,Corporate,ICE,Diesel,SKL,REST,Standard,TRANSPORTER,No Renting,33
2023,07,FIAT,FIORINO,Corporate,ICE,Diesel,SKL,REST,Standard,TRANSPORTER,Renting,39
2023,07,FIAT,FIORINO,Private,ICE,Diesel,SKL,REST,Standard,TRANSPORTER,No Renting,4
2023,07,FIAT,FIORINO,RAC,ICE,Diesel,SKL,REST,Standard,TRANSPORTER,Renting,2
2023,07,FIAT,ILUSION 590,Private,ICE,Gasolina,,REST,Standard,,No Renting,1
2023,07,FIAT,ILUSION 590,RAC,ICE,Diesel,,REST,Standard,,No Renting,1
2023,07,FIAT,ILUSION 690,RAC,ICE,Diesel,,REST,Standard,,No Renting,1
2023,07,FIAT,ILUSION 695,Private,ICE,Diesel,,REST,Standard,,No Renting,1
2023,07,FIAT,KNAUS R07,Private,ICE,Diesel,,REST,Standard,,No Renting,1
2023,07,FIAT,KNAUS R07,RAC,ICE,Diesel,,REST,Standard,,No Renting,2
2023,07,FIAT,KNAUS R19,RAC,ICE,Diesel,,REST,Standard,,No Renting,1
2023,07,FIAT,P696S,Corporate,ICE,Diesel,,REST,Standard,,No Renting,1
2023,07,FIAT,PANDA,Corporate,ICE,Gasolina Mild Hybrid,UKL0,REST,Standard,HACH 5P,No Renting,119
2023,07,FIAT,PANDA,Corporate,ICE,Gasolina Mild Hybrid,UKL0,REST,Standard,HACH 5P,Renting,5
2023,07,FIAT,PANDA,Private,ICE,Gasolina Mild Hybrid,UKL0,REST,Standard,HACH 5P,No Renting,55
2023,07,FIAT,PANDA,RAC,ICE,Gasolina Mild Hybrid,UKL0,REST,Standard,HACH 5P,No Renting,37
2023,07,FIAT,SCUDO,Corporate,BEV,Electrico,SKL,REST,Standard,TRANSPORTER,Renting,1
2023,07,FIAT,SCUDO,Corporate,ICE,Electrico,SKL,REST,Standard,TRANSPORTER,No Renting,23
2023,07,FIAT,SCUDO,Corporate,ICE,Electrico,SKL,REST,Standard,TRANSPORTER,Renting,45
2023,07,FIAT,SCUDO,Private,ICE,Electrico,SKL,REST,Standard,TRANSPORTER,No Renting,3
2023,07,FIAT,SCUDO,RAC,BEV,Electrico,SKL,REST,Standard,TRANSPORTER,No Renting,2
2023,07,FIAT,SCUDO,RAC,ICE,Electrico,SKL,REST,Standard,TRANSPORTER,No Renting,9
2023,07,FIAT,SCUDO,RAC,ICE,Electrico,SKL,REST,Standard,TRANSPORTER,Renting,9
2023,07,FIAT,SEAL 9,RAC,ICE,Diesel,,REST,Standard,,No Renting,5
2023,07,FIAT,SPORT 323,RAC,ICE,Diesel,,REST,Standard,,No Renting,1
2023,07,FIAT,T459,Private,ICE,Diesel,,REST,Standard,,No Renting,1
2023,07,FIAT,T6900 SB,RAC,ICE,Diesel,,REST,Standard,,No Renting,1
2023,07,FIAT,TIPO,Corporate,ICE,Diesel,UKL2,REST,Standard,HACH 5P,No Renting,4
2023,07,FIAT,TIPO,Corporate,ICE,Diesel,UKL2,REST,Standard,HACH 5P,Renting,109
2023,07,FIAT,TIPO,Private,ICE,Diesel,UKL2,REST,Standard,HACH 5P,No Renting,3
2023,07,FIAT,TIPO,RAC,ICE,Diesel,UKL2,REST,Standard,HACH 5P,Renting,20
2023,07,FIAT,TREND T 7057 EB,Private,ICE,Diesel,,REST,Standard,,No Renting,1
2023,07,FIAT,V114 MAX VIP,Private,ICE,Diesel,,REST,Standard,,No Renting,1
2023,07,FIAT,V600S,RAC,ICE,Diesel,,REST,Standard,,No Renting,1
2023,07,FIAT,XSCAPE 690 CDA,RAC,ICE,Diesel,,REST,Standard,,No Renting,1
2023,07,FORD,BC5001,Private,ICE,Diesel,,REST,Standard,,No Renting,1
2023,07,FORD,BRONCO,Corporate,ICE,Gasolina,MKL,REST,Standard,SUV,No Renting,1
2023,07,FORD,ECOSPORT,Corporate,ICE,Gasolina,UKL1,REST,Standard,SAV,No Renting,3
2023,07,FORD,ECOSPORT,Private,ICE,Gasolina,UKL1,REST,Standard,SAV,No Renting,8
2023,07,FORD,EXPLORER,Corporate,PHEV,Gasolina/Electrico Enchufable,SKL,REST,Standard,PICKUP,No Renting,2
2023,07,FORD,EXPLORER,Corporate,PHEV,Gasolina/Electrico Enchufable,SKL,REST,Standard,PICKUP,Renting,1
2023,07,FORD,FIESTA,Corporate,ICE,Gasolina Mild Hybrid,UKL1,REST,Standard,HACH 5P,No Renting,110
2023,07,FORD,FIESTA,Corporate,ICE,Gasolina Mild Hybrid,UKL1,REST,Standard,HACH 5P,Renting,2
2023,07,FORD,FIESTA,Private,ICE,Gasolina Mild Hybrid,UKL1,REST,Standard,HACH 5P,No Renting,36
2023,07,FORD,FIESTA,RAC,ICE,Gasolina Mild Hybrid,UKL1,REST,Standard,HACH 5P,No Renting,53
2023,07,FORD,FOCUS,Corporate,ICE,Gasolina Mild Hybrid,UKL2,REST,Standard,HACH 5P,No Renting,99
2023,07,FORD,FOCUS,Corporate,ICE,Gasolina Mild Hybrid,UKL2,REST,Standard,HACH 5P,Renting,25
2023,07,FORD,FOCUS,Private,ICE,Gasolina Mild Hybrid,UKL2,REST,Standard,HACH 5P,No Renting,204
2023,07,FORD,FOCUS,RAC,ICE,Gasolina Mild Hybrid,UKL2,REST,Standard,HACH 5P,No Renting,1
2023,07,FORD,JUST GO T6815,RAC,ICE,Diesel,,REST,Standard,,No Renting,1
2023,07,FORD,KILIG 67 PLUS,RAC,ICE,Diesel,,REST,Standard,,No Renting,4
2023,07,FORD,KRONOS 265 TL,RAC,ICE,Diesel,,REST,Standard,,No Renting,1
2023,07,FORD,KUGA,Corporate,ICE,Gasolina/Electrico Enchufable,UKL2,REST,Standard,SAV,No Renting,97
2023,07,FORD,KUGA,Corporate,ICE,Gasolina/Electrico Enchufable,UKL2,REST,Standard,SAV,Renting,145
2023,07,FORD,KUGA,Corporate,PHEV,Gasolina/Electrico Enchufable,UKL2,REST,Standard,SAV,No Renting,44
2023,07,FORD,KUGA,Corporate,PHEV,Gasolina/Electrico Enchufable,UKL2,REST,Standard,SAV,Renting,35
2023,07,FORD,KUGA,Private,ICE,Gasolina/Electrico Enchufable,UKL2,REST,Standard,SAV,No Renting,205
2023,07,FORD,KUGA,Private,PHEV,Gasolina/Electrico Enchufable,UKL2,REST,Standard,SAV,No Renting,140
2023,07,FORD,KUGA,RAC,ICE,Gasolina/Electrico Enchufable,UKL2,REST,Standard,SAV,Renting,100
2023,07,FORD,KUGA,RAC,PHEV,Gasolina/Electrico Enchufable,UKL2,REST,Standard,SAV,No Renting,43
2023,07,FORD,KUGA,RAC,PHEV,Gasolina/Electrico Enchufable,UKL2,REST,Standard,SAV,Renting,206
2023,07,FORD,MUSTANG,Corporate,ICE,Gasolina,MKL,REST,Standard,CABRIO,No Renting,31
2023,07,FORD,MUSTANG,Corporate,ICE,Gasolina,MKL,REST,Standard,CABRIO,Renting,2
2023,07,FORD,MUSTANG,Private,ICE,Gasolina,MKL,REST,Standard,CABRIO,No Renting,20
2023,07,FORD,MUSTANG MACH-E,Corporate,BEV,Electrico,KKL,REST,Standard,SAV,No Renting,15
2023,07,FORD,MUSTANG MACH-E,Corporate,BEV,Electrico,KKL,REST,Standard,SAV,Renting,5
2023,07,FORD,MUSTANG MACH-E,Private,BEV,Electrico,KKL,REST,Standard,SAV,No Renting,13
2023,07,FORD,MUSTANG MACH-E,RAC,BEV,Electrico,KKL,REST,Standard,SAV,No Renting,2
2023,07,FORD,P54,Private,ICE,Diesel,,REST,Standard,,No Renting,1
2023,07,FORD,PUMA,Corporate,ICE,Gasolina Mild Hybrid,UKL1,REST,Standard,SAV,No Renting,179
2023,07,FORD,PUMA,Corporate,ICE,Gasolina Mild Hybrid,UKL1,REST,Standard,SAV,Renting,318
2023,07,FORD,PUMA,Private,ICE,Gasolina Mild Hybrid,UKL1,REST,Standard,SAV,No Renting,414
2023,07,FORD,PUMA,RAC,ICE,Gasolina Mild Hybrid,UKL1,REST,Standard,SAV,Renting,275
2023,07,FORD,RANGER,Corporate,ICE,Gasolina/Electrico Enchufable,SKL,REST,Standard,PICKUP,No Renting,183
2023,07,FORD,RANGER,Corporate,ICE,Gasolina/Electrico Enchufable,SKL,REST,Standard,PICKUP,Renting,53
2023,07,FORD,RANGER,Private,ICE,Gasolina/Electrico Enchufable,SKL,REST,Standard,PICKUP,No Renting,34
2023,07,FORD,RANGER,RAC,ICE,Gasolina/Electrico Enchufable,SKL,REST,Standard,PICKUP,No Renting,3
2023,07,FORD,S-MAX,Corporate,ICE,Diesel,KKL,REST,Standard,SAT,Renting,2
2023,07,FORD,S-MAX,Private,ICE,Diesel,KKL,REST,Standard,SAT,No Renting,2
2023,07,FORD,S-MAX,RAC,ICE,Diesel,KKL,REST,Standard,SAT,Renting,3
2023,07,FORD,SPORT 340 UP,RAC,ICE,Diesel,,REST,Standard,,No Renting,1
2023,07,FORD,TOURNEO,Corporate,ICE,Gasolina/Electrico Enchufable,SKL,REST,Standard,TRANSPORTER,No Renting,61
2023,07,FORD,TOURNEO,Corporate,ICE,Gasolina/Electrico Enchufable,SKL,REST,Standard,TRANSPORTER,Renting,3
2023,07,FORD,TOURNEO,Private,ICE,Gasolina/Electrico Enchufable,SKL,REST,Standard,TRANSPORTER,No Renting,80
2023,07,FORD,TRANSIT,Corporate,BEV,Electrico,SKL,REST,Standard,TRANSPORTER,No Renting,8
2023,07,FORD,TRANSIT,Corporate,BEV,Electrico,SKL,REST,Standard,TRANSPORTER,Renting,22
2023,07,FORD,TRANSIT,Corporate,ICE,Electrico,SKL,REST,Standard,TRANSPORTER,No Renting,215
2023,07,FORD,TRANSIT,Corporate,ICE,Electrico,SKL,REST,Standard,TRANSPORTER,Renting,144
2023,07,FORD,TRANSIT,Private,BEV,Electrico,SKL,REST,Standard,TRANSPORTER,No Renting,10
2023,07,FORD,TRANSIT,Private,ICE,Electrico,SKL,REST,Standard,TRANSPORTER,No Renting,73
2023,07,FORD,TRANSIT,RAC,BEV,Electrico,SKL,REST,Standard,TRANSPORTER,Renting,20
2023,07,FORD,TRANSIT,RAC,ICE,Electrico,SKL,REST,Standard,TRANSPORTER,No Renting,106
2023,07,FORD,TRANSIT,RAC,ICE,Electrico,SKL,REST,Standard,TRANSPORTER,Renting,13
2023,07,FORD,TRANSIT CONNECT,Corporate,ICE,Gasolina/Electrico Enchufable,SKL,REST,Standard,TRANSPORTER,No Renting,51
2023,07,FORD,TRANSIT CONNECT,Corporate,ICE,Gasolina/Electrico Enchufable,SKL,REST,Standard,TRANSPORTER,Renting,45
2023,07,FORD,TRANSIT CONNECT,Private,ICE,Gasolina/Electrico Enchufable,SKL,REST,Standard,TRANSPORTER,No Renting,4
2023,07,FORD,TRANSIT CONNECT,RAC,ICE,Gasolina/Electrico Enchufable,SKL,REST,Standard,TRANSPORTER,Renting,1
2023,07,FORD,TRANSIT COURIER,Corporate,ICE,Gasolina,SKL,REST,Standard,TRANSPORTER,No Renting,169
2023,07,FORD,TRANSIT COURIER,Corporate,ICE,Gasolina,SKL,REST,Standard,TRANSPORTER,Renting,104
2023,07,FORD,TRANSIT COURIER,Private,ICE,Gasolina,SKL,REST,Standard,TRANSPORTER,No Renting,6
2023,07,FORD,TRANSIT CUSTOM,Corporate,ICE,Gasolina/Electrico Enchufable,SKL,REST,Standard,TRANSPORTER,No Renting,222
2023,07,FORD,TRANSIT CUSTOM,Corporate,ICE,Gasolina/Electrico Enchufable,SKL,REST,Standard,TRANSPORTER,Renting,111
2023,07,FORD,TRANSIT CUSTOM,Private,ICE,Gasolina/Electrico Enchufable,SKL,REST,Standard,TRANSPORTER,No Renting,58
2023,07,FORD,TRANSIT CUSTOM,RAC,ICE,Gasolina/Electrico Enchufable,SKL,REST,Standard,TRANSPORTER,No Renting,28
2023,07,FORD,TRANSIT CUSTOM,RAC,ICE,Gasolina/Electrico Enchufable,SKL,REST,Standard,TRANSPORTER,Renting,6
2023,07,FURCAR,CRAFERT,Corporate,ICE,Diesel,,REST,Standard,,No Renting,1
2023,07,GOUPIL,G4 3TAPPWMZ,Corporate,BEV,Electrico,,REST,Standard,,No Renting,3
2023,07,GOUPIL,G4 3VRWGWMZ,Corporate,BEV,Electrico,,REST,Standard,,No Renting,1
2023,07,GOUPIL,G4L 0VRWGWLZ,Corporate,BEV,Electrico,,REST,Standard,,No Renting,2
2023,07,GOUPIL,G4L 3VRWGWLZ,Corporate,BEV,Electrico,,REST,Standard,,No Renting,4
2023,07,GRAU,URBAN +,Corporate,BEV,Electrico,,REST,Standard,,No Renting,2
2023,07,GRAU,URBAN + 0VRWGWMZ,Corporate,BEV,Electrico,,REST,Standard,,No Renting,1
2023,07,GRAU,URBAN + 3VRWGWMZ,Corporate,BEV,Electrico,,REST,Standard,,No Renting,1
2023,07,GRAU,URBAN+ 0VRWGWLZ,Corporate,BEV,Electrico,,REST,Standard,,No Renting,2
2023,07,GRAU,URBAN+ 3VRWGWMZ,Corporate,BEV,Electrico,,REST,Standard,,No Renting,1
2023,07,GRUIVOL,M21T H,Corporate,ICE,Diesel,,REST,Standard,,No Renting,1
2023,07,GRUIVOL,M27H LARGE,RAC,ICE,Diesel,,REST,Standard,,No Renting,1
2023,07,HONDA,CIVIC,Corporate,ICE,Gasolina,UKL2,REST,Standard,HACH 5P,No Renting,1
2023,07,HONDA,CIVIC,Corporate,ICE,Gasolina/Electrico,UKL2,REST,Standard,HACH 5P,No Renting,4
2023,07,HONDA,CIVIC,Corporate,ICE,Gasolina/Electrico,UKL2,REST,Standard,HACH 5P,Renting,1
2023,07,HONDA,CIVIC,Private,ICE,Gasolina,UKL2,REST,Standard,HACH 5P,No Renting,3
2023,07,HONDA,CIVIC,Private,ICE,Gasolina/Electrico,UKL2,REST,Standard,HACH 5P,No Renting,41
2023,07,HONDA,CR-V,Corporate,ICE,Gasolina/Electrico Enchufable,KKL,REST,Standard,SAV,No Renting,59
2023,07,HONDA,CR-V,Private,ICE,Gasolina/Electrico Enchufable,KKL,REST,Standard,SAV,No Renting,83
2023,07,HONDA,E,Corporate,BEV,Electrico,UKL1,REST,Standard,HACH 5P,Renting,1
2023,07,HONDA,E,Private,BEV,Electrico,UKL1,REST,Standard,HACH 5P,No Renting,2
2023,07,HONDA,HR-V,Corporate,ICE,Gasolina/Electrico,UKL1,REST,Standard,SAV,No Renting,3
2023,07,HONDA,HR-V,Private,ICE,Gasolina/Electrico,UKL1,REST,Standard,SAV,No Renting,31
2023,07,HONDA,JAZZ,Corporate,ICE,Gasolina/Electrico,UKL1,REST,Standard,HACH 5P,No Renting,3
2023,07,HONDA,JAZZ,Private,ICE,Gasolina/Electrico,UKL1,REST,Standard,HACH 5P,No Renting,27
2023,07,HONDA,ODYSSEY,Corporate,ICE,Gasolina,,REST,Standard,,No Renting,1
2023,07,HONDA,ZR-V,Corporate,ICE,Gasolina/Electrico,UKL2,REST,Standard,SAV,No Renting,43
2023,07,HURTAN,HURTAN ALBAYCIN HEP,Corporate,ICE,Gasolina,,REST,Standard,,No Renting,1
2023,07,HYUNDAI,BAYON,Corporate,ICE,Gasolina Mild Hybrid,UKL1,REST,Standard,SAV,No Renting,25
2023,07,HYUNDAI,BAYON,Corporate,ICE,Gasolina Mild Hybrid,UKL1,REST,Standard,SAV,Renting,22
2023,07,HYUNDAI,BAYON,Private,ICE,Gasolina Mild Hybrid,UKL1,REST,Standard,SAV,No Renting,183
2023,07,HYUNDAI,BAYON,RAC,ICE,Gasolina Mild Hybrid,UKL1,REST,Standard,SAV,No Renting,17
2023,07,HYUNDAI,GENESIS GV70,Corporate,ICE,Gasolina,,REST,Standard,,No Renting,1
2023,07,HYUNDAI,I10,Corporate,ICE,Gasolina,UKL0,REST,Standard,HACH 5P,No Renting,53
2023,07,HYUNDAI,I10,Corporate,ICE,Gasolina,UKL0,REST,Standard,HACH 5P,Renting,21
2023,07,HYUNDAI,I10,Private,ICE,Gasolina,UKL0,REST,Standard,HACH 5P,No Renting,263
2023,07,HYUNDAI,I10,RAC,ICE,Gasolina,UKL0,REST,Standard,HACH 5P,No Renting,27
2023,07,HYUNDAI,I20,Corporate,ICE,Gasolina Mild Hybrid,UKL1,REST,Standard,HACH 5P,No Renting,122
2023,07,HYUNDAI,I20,Corporate,ICE,Gasolina Mild Hybrid,UKL1,REST,Standard,HACH 5P,Renting,122
2023,07,HYUNDAI,I20,Private,ICE,Gasolina Mild Hybrid,UKL1,REST,Standard,HACH 5P,No Renting,658
2023,07,HYUNDAI,I20,RAC,ICE,Gasolina Mild Hybrid,UKL1,REST,Standard,HACH 5P,No Renting,58
2023,07,HYUNDAI,I30,Corporate,ICE,Gasolina Mild Hybrid,UKL2,REST,Standard,HACH 5P,No Renting,68
2023,07,HYUNDAI,I30,Corporate,ICE,Gasolina Mild Hybrid,UKL2,REST,Standard,HACH 5P,Renting,11
2023,07,HYUNDAI,I30,Private,ICE,Gasolina Mild Hybrid,UKL2,REST,Standard,HACH 5P,No Renting,345
2023,07,HYUNDAI,I30,RAC,ICE,Gasolina Mild Hybrid,UKL2,REST,Standard,HACH 5P,No Renting,104
2023,07,HYUNDAI,IONIQ 5,Corporate,BEV,Electrico,UKL2,REST,Standard,SAV,No Renting,9
2023,07,HYUNDAI,IONIQ 5,Corporate,BEV,Electrico,UKL2,REST,Standard,SAV,Renting,2
2023,07,HYUNDAI,IONIQ 5,Private,BEV,Electrico,UKL2,REST,Standard,SAV,No Renting,12
2023,07,HYUNDAI,IONIQ 6,Corporate,BEV,Electrico,KKL,REST,Standard,SEDAN,No Renting,5
2023,07,HYUNDAI,IONIQ 6,Corporate,BEV,Electrico,KKL,REST,Standard,SEDAN,Renting,3
2023,07,HYUNDAI,IONIQ 6,Private,BEV,Electrico,KKL,REST,Standard,SEDAN,No Renting,3
2023,07,HYUNDAI,KONA,Corporate,BEV,Gasolina/Electrico,UKL1,REST,Standard,SAV,No Renting,10
2023,07,HYUNDAI,KONA,Corporate,BEV,Gasolina/Electrico,UKL1,REST,Standard,SAV,Renting,1
2023,07,HYUNDAI,KONA,Corporate,ICE,Gasolina/Electrico,UKL1,REST,Standard,SAV,No Renting,170
2023,07,HYUNDAI,KONA,Corporate,ICE,Gasolina/Electrico,UKL1,REST,Standard,SAV,Renting,47
2023,07,HYUNDAI,KONA,Private,BEV,Gasolina/Electrico,UKL1,REST,Standard,SAV,No Renting,8
2023,07,HYUNDAI,KONA,Private,ICE,Gasolina/Electrico,UKL1,REST,Standard,SAV,No Renting,789
2023,07,HYUNDAI,KONA,RAC,ICE,Gasolina/Electrico,UKL1,REST,Standard,SAV,No Renting,27
2023,07,HYUNDAI,SANTA FE,Corporate,ICE,Gasolina/Electrico Enchufable,MKL,REST,Standard,SAV,No Renting,9
2023,07,HYUNDAI,SANTA FE,Corporate,ICE,Gasolina/Electrico Enchufable,MKL,REST,Standard,SAV,Renting,14
2023,07,HYUNDAI,SANTA FE,Corporate,PHEV,Gasolina/Electrico Enchufable,MKL,REST,Standard,SAV,No Renting,4
2023,07,HYUNDAI,SANTA FE,Corporate,PHEV,Gasolina/Electrico Enchufable,MKL,REST,Standard,SAV,Renting,5
2023,07,HYUNDAI,SANTA FE,Private,ICE,Gasolina/Electrico Enchufable,MKL,REST,Standard,SAV,No Renting,27
2023,07,HYUNDAI,SANTA FE,Private,PHEV,Gasolina/Electrico Enchufable,MKL,REST,Standard,SAV,No Renting,10
2023,07,HYUNDAI,STARIA,Corporate,ICE,Gasolina/Electrico,MKL,REST,Standard,MPV,No Renting,10
2023,07,HYUNDAI,STARIA,Corporate,ICE,Gasolina/Electrico,MKL,REST,Standard,MPV,Renting,3
2023,07,HYUNDAI,STARIA,Private,ICE,Gasolina/Electrico,MKL,REST,Standard,MPV,No Renting,7
2023,07,HYUNDAI,STARIA,RAC,ICE,Gasolina/Electrico,MKL,REST,Standard,MPV,No Renting,12
2023,07,HYUNDAI,STARIA,RAC,ICE,Gasolina/Electrico,MKL,REST,Standard,MPV,Renting,4
2023,07,HYUNDAI,TUCSON,Corporate,ICE,Gasolina/Electrico Enchufable,UKL2,REST,Standard,SAV,No Renting,220
2023,07,HYUNDAI,TUCSON,Corporate,ICE,Gasolina/Electrico Enchufable,UKL2,REST,Standard,SAV,Renting,248
2023,07,HYUNDAI,TUCSON,Corporate,PHEV,Gasolina/Electrico Enchufable,UKL2,REST,Standard,SAV,No Renting,28
2023,07,HYUNDAI,TUCSON,Corporate,PHEV,Gasolina/Electrico Enchufable,UKL2,REST,Standard,SAV,Renting,23
2023,07,HYUNDAI,TUCSON,Private,ICE,Gasolina/Electrico Enchufable,UKL2,REST,Standard,SAV,No Renting,635
2023,07,HYUNDAI,TUCSON,Private,PHEV,Gasolina/Electrico Enchufable,UKL2,REST,Standard,SAV,No Renting,60
2023,07,HYUNDAI,TUCSON,RAC,ICE,Gasolina/Electrico Enchufable,UKL2,REST,Standard,SAV,No Renting,368
2023,07,IBERICA DE ISOTERMIZ,MASTER,Corporate,ICE,Diesel,,REST,Standard,,No Renting,1
2023,07,INEOS,GRENADIER,Corporate,ICE,Gasolina,MKL,REST,Standard,PICKUP,No Renting,7
2023,07,ISUZU,--,Corporate,ICE,Diesel,,REST,Standard,,No Renting,1
2023,07,ISUZU,---,Corporate,ICE,Diesel,,REST,Standard,,No Renting,2
2023,07,ISUZU,D-MAX,Corporate,ICE,Electrico,SKL,REST,Standard,PICKUP,No Renting,16
2023,07,ISUZU,D-MAX,Corporate,ICE,Electrico,SKL,REST,Standard,PICKUP,Renting,2
2023,07,ISUZU,D-MAX,Private,ICE,Electrico,SKL,REST,Standard,PICKUP,No Renting,5
2023,07,ISUZU,D-MAX,RAC,ICE,Electrico,SKL,REST,Standard,PICKUP,No Renting,2
2023,07,ISUZU,M21,Corporate,ICE,Diesel,,REST,Standard,,No Renting,1
2023,07,ISUZU,M21T,Corporate,ICE,Diesel,,REST,Standard,,No Renting,1
2023,07,ISUZU,M27H LARGE,Corporate,ICE,Diesel,,REST,Standard,,No Renting,1
2023,07,ISUZU,M55,Corporate,ICE,Diesel,,REST,Standard,,No Renting,3
2023,07,ISUZU,MICRO,Corporate,ICE,Diesel,,REST,Standard,,No Renting,1
2023,07,ISUZU,N-SERIES,Corporate,ICE,Diesel,SKL,REST,Standard,TRANSPORTER,No Renting,3
2023,07,ISUZU,N-SERIES,Corporate,ICE,Diesel,SKL,REST,Standard,TRANSPORTER,Renting,2
2023,07,ISUZU,N-SERIES,RAC,ICE,Diesel,SKL,REST,Standard,TRANSPORTER,No Renting,5
2023,07,ISUZU,N/A,Corporate,ICE,Diesel,,REST,Standard,,No Renting,1
2023,07,ISUZU,NA,RAC,ICE,Diesel,,REST,Standard,,No Renting,2
2023,07,ISUZU,ND,Corporate,ICE,Diesel,,REST,Standard,,No Renting,1
2023,07,ISUZU,NQR90,Corporate,ICE,Diesel,,REST,Standard,,No Renting,1
2023,07,ISUZU,P75,Corporate,ICE,Diesel,,REST,Standard,,No Renting,1
2023,07,ISUZU,P75,RAC,ICE,Diesel,,REST,Standard,,No Renting,1
2023,07,ISUZU,P75 3.0L,Corporate,ICE,Diesel,,REST,Standard,,No Renting,1
2023,07,ISUZU,"P75 5,2L",Corporate,ICE,Diesel,,REST,Standard,,No Renting,2
2023,07,ISUZU,P75 5.2 L,Corporate,ICE,Diesel,,REST,Standard,,No Renting,1
2023,07,ISUZU,P75 5.2L,Corporate,ICE,Diesel,,REST,Standard,,No Renting,2
2023,07,ISUZU,S/N,Corporate,ICE,Diesel,,REST,Standard,,No Renting,1
2023,07,ISUZU,TITAN,Corporate,ICE,Diesel,,REST,Standard,,No Renting,3
2023,07,ISUZU,TITAN,RAC,ICE,Diesel,,REST,Standard,,No Renting,1
2023,07,IVECO,100E,RAC,ICE,Diesel,,REST,Standard,,No Renting,1
2023,07,IVECO,120E,Corporate,ICE,Diesel,,REST,Standard,,No Renting,3
2023,07,IVECO,120E,RAC,ICE,Diesel,,REST,Standard,,No Renting,1
2023,07,IVECO,120EL,Corporate,ICE,Diesel,,REST,Standard,,No Renting,2
2023,07,IVECO,120ELG,Corporate,ICE,Gas natural comprimido (GNC),,REST,Standard,,No Renting,3
2023,07,IVECO,120ELG/P,Corporate,ICE,Gas natural comprimido (GNC),,REST,Standard,,No Renting,2
2023,07,IVECO,80EL,Corporate,ICE,Diesel,,REST,Standard,,No Renting,1
2023,07,IVECO,CA 420,Corporate,ICE,Diesel,,REST,Standard,,No Renting,1
2023,07,IVECO,DAILY,Corporate,ICE,Gas natural comprimido (GNC),SKL,REST,Standard,TRANSPORTER,No Renting,250
2023,07,IVECO,DAILY,Corporate,ICE,Gas natural comprimido (GNC),SKL,REST,Standard,TRANSPORTER,Renting,4
2023,07,IVECO,DAILY,Private,ICE,Gas natural comprimido (GNC),SKL,REST,Standard,TRANSPORTER,No Renting,28
2023,07,IVECO,DAILY,RAC,ICE,Gas natural comprimido (GNC),SKL,REST,Standard,TRANSPORTER,No Renting,275
2023,07,JAGUAR,240,Private,ICE,Gasolina,,REST,Standard,,No Renting,1
2023,07,JAGUAR,E-PACE,Corporate,ICE,Diesel,UKL2,FOCUS SEGMENT,Standard,SAV,No Renting,2
2023,07,JAGUAR,E-PACE,Corporate,PHEV,Diesel,UKL2,FOCUS SEGMENT,Standard,SAV,No Renting,4
2023,07,JAGUAR,E-PACE,Corporate,PHEV,Diesel,UKL2,FOCUS SEGMENT,Standard,SAV,Renting,2
2023,07,JAGUAR,E-PACE,Private,ICE,Diesel,UKL2,FOCUS SEGMENT,Standard,SAV,No Renting,3
2023,07,JAGUAR,E-PACE,Private,PHEV,Diesel,UKL2,FOCUS SEGMENT,Standard,SAV,No Renting,3
2023,07,JAGUAR,E-PACE,RAC,ICE,Diesel,UKL2,FOCUS SEGMENT,Standard,SAV,No Renting,1
2023,07,JAGUAR,F-PACE,Corporate,ICE,Diesel Mild Hybrid,KKL,FOCUS SEGMENT,Standard,SAV,No Renting,7
2023,07,JAGUAR,F-PACE,Corporate,ICE,Diesel Mild Hybrid,KKL,FOCUS SEGMENT,Standard,SAV,Renting,4
2023,07,JAGUAR,F-PACE,Private,ICE,Diesel Mild Hybrid,KKL,FOCUS SEGMENT,Standard,SAV,No Renting,5
2023,07,JAGUAR,F-TYPE,Corporate,ICE,Gasolina,MKL,FOCUS SEGMENT,Standard,COUPE,No Renting,2
2023,07,JAGUAR,F-TYPE,Private,ICE,Gasolina,MKL,FOCUS SEGMENT,Standard,COUPE,No Renting,3
2023,07,JAGUAR,JAGUAR XF,Corporate,ICE,Gasolina,,REST,Standard,,No Renting,1
2023,07,JAGUAR,JAGUAR XF,Private,ICE,Diesel,,REST,Standard,,No Renting,1
2023,07,JAGUAR,MARK II 3.8,Private,ICE,Gasolina,,REST,Standard,,No Renting,1
2023,07,JASPE,M21T E,Corporate,ICE,Diesel,,REST,Standard,,No Renting,1
2023,07,JEANJE,N/A / BOTELLERO,Corporate,ICE,Diesel,,REST,Standard,,No Renting,2
2023,07,JEEP,AVENGER,Corporate,BEV,Gasolina Mild Hybrid,UKL1,REST,Standard,SAV,No Renting,47
2023,07,JEEP,AVENGER,Corporate,BEV,Gasolina Mild Hybrid,UKL1,REST,Standard,SAV,Renting,4
2023,07,JEEP,AVENGER,Corporate,ICE,Gasolina Mild Hybrid,UKL1,REST,Standard,SAV,No Renting,238
2023,07,JEEP,AVENGER,Corporate,ICE,Gasolina Mild Hybrid,UKL1,REST,Standard,SAV,Renting,54
2023,07,JEEP,AVENGER,Private,BEV,Gasolina Mild Hybrid,UKL1,REST,Standard,SAV,No Renting,53
2023,07,JEEP,AVENGER,Private,ICE,Gasolina Mild Hybrid,UKL1,REST,Standard,SAV,No Renting,70
2023,07,JEEP,AVENGER,RAC,BEV,Gasolina Mild Hybrid,UKL1,REST,Standard,SAV,Renting,1
2023,07,JEEP,AVENGER,RAC,ICE,Gasolina Mild Hybrid,UKL1,REST,Standard,SAV,No Renting,41
2023,07,JEEP,AVENGER,RAC,ICE,Gasolina Mild Hybrid,UKL1,REST,Standard,SAV,Renting,37
2023,07,JEEP,COMPASS,Corporate,ICE,Gasolina/Electrico Enchufable,UKL2,REST,Standard,SAV,No Renting,15
2023,07,JEEP,COMPASS,Corporate,ICE,Gasolina/Electrico Enchufable,UKL2,REST,Standard,SAV,Renting,42
2023,07,JEEP,COMPASS,Corporate,PHEV,Gasolina/Electrico Enchufable,UKL2,REST,Standard,SAV,No Renting,14
2023,07,JEEP,COMPASS,Corporate,PHEV,Gasolina/Electrico Enchufable,UKL2,REST,Standard,SAV,Renting,10
2023,07,JEEP,COMPASS,Private,ICE,Gasolina/Electrico Enchufable,UKL2,REST,Standard,SAV,No Renting,9
2023,07,JEEP,COMPASS,Private,PHEV,Gasolina/Electrico Enchufable,UKL2,REST,Standard,SAV,No Renting,8
2023,07,JEEP,COMPASS,RAC,ICE,Gasolina/Electrico Enchufable,UKL2,REST,Standard,SAV,No Renting,3
2023,07,JEEP,COMPASS,RAC,ICE,Gasolina/Electrico Enchufable,UKL2,REST,Standard,SAV,Renting,2
2023,07,JEEP,COMPASS,RAC,PHEV,Gasolina/Electrico Enchufable,UKL2,REST,Standard,SAV,No Renting,1
2023,07,JEEP,GLADIATOR,Corporate,ICE,Diesel,SKL,REST,Standard,PICKUP,No Renting,1
2023,07,JEEP,GRAN CHEROKE,Corporate,ICE,Gasolina,,REST,Standard,,No Renting,1
2023,07,JEEP,GRAND CHEROKEE,Corporate,PHEV,Gasolina/Electrico Enchufable,MKL,REST,Standard,SUV,No Renting,15
2023,07,JEEP,GRAND CHEROKEE,Corporate,PHEV,Gasolina/Electrico Enchufable,MKL,REST,Standard,SUV,Renting,2
2023,07,JEEP,GRAND CHEROKEE,Private,PHEV,Gasolina/Electrico Enchufable,MKL,REST,Standard,SUV,No Renting,5
2023,07,JEEP,GRAND CHEROKEE,RAC,PHEV,Gasolina/Electrico Enchufable,MKL,REST,Standard,SUV,No Renting,2
2023,07,JEEP,RENEGADE,Corporate,ICE,Gasolina/Electrico Enchufable,UKL1,REST,Standard,SAV,No Renting,299
2023,07,JEEP,RENEGADE,Corporate,ICE,Gasolina/Electrico Enchufable,UKL1,REST,Standard,SAV,Renting,3
2023,07,JEEP,RENEGADE,Corporate,PHEV,Gasolina/Electrico Enchufable,UKL1,REST,Standard,SAV,No Renting,5
2023,07,JEEP,RENEGADE,Corporate,PHEV,Gasolina/Electrico Enchufable,UKL1,REST,Standard,SAV,Renting,5
2023,07,JEEP,RENEGADE,Private,ICE,Gasolina/Electrico Enchufable,UKL1,REST,Standard,SAV,No Renting,30
2023,07,JEEP,RENEGADE,Private,PHEV,Gasolina/Electrico Enchufable,UKL1,REST,Standard,SAV,No Renting,5
2023,07,JEEP,RENEGADE,RAC,ICE,Gasolina/Electrico Enchufable,UKL1,REST,Standard,SAV,No Renting,105
2023,07,JEEP,RENEGADE,RAC,ICE,Gasolina/Electrico Enchufable,UKL1,REST,Standard,SAV,Renting,42
2023,07,JEEP,RENEGADE,RAC,PHEV,Gasolina/Electrico Enchufable,UKL1,REST,Standard,SAV,No Renting,14
2023,07,JEEP,RENEGADE,RAC,PHEV,Gasolina/Electrico Enchufable,UKL1,REST,Standard,SAV,Renting,1
2023,07,JEEP,WRANGLER,Corporate,PHEV,Gasolina/Electrico Enchufable,UKL2,REST,Standard,SUV,No Renting,6
2023,07,JEEP,WRANGLER,Corporate,PHEV,Gasolina/Electrico Enchufable,UKL2,REST,Standard,SUV,Renting,3
2023,07,JEEP,WRANGLER,Private,PHEV,Gasolina/Electrico Enchufable,UKL2,REST,Standard,SUV,No Renting,3
2023,07,JOSE REYES CARROCERO,MAXUS DELIVER 9,Corporate,ICE,Diesel,,REST,Standard,,Renting,2
2023,07,KARMANN-MOBIL,DEXTER 540,Private,ICE,Diesel,,REST,Standard,,No Renting,1
2023,07,KIA,CEED,Corporate,ICE,Gasolina Mild Hybrid,UKL2,REST,Standard,HACH 5P,No Renting,296
2023,07,KIA,CEED,Corporate,ICE,Gasolina Mild Hybrid,UKL2,REST,Standard,HACH 5P,Renting,127
2023,07,KIA,CEED,Corporate,PHEV,Gasolina Mild Hybrid,UKL2,REST,Standard,HACH 5P,No Renting,22
2023,07,KIA,CEED,Private,ICE,Gasolina Mild Hybrid,UKL2,REST,Standard,HACH 5P,No Renting,324
2023,07,KIA,CEED,Private,PHEV,Gasolina Mild Hybrid,UKL2,REST,Standard,HACH 5P,No Renting,20
2023,07,KIA,CEED,RAC,ICE,Gasolina Mild Hybrid,UKL2,REST,Standard,HACH 5P,No Renting,29
2023,07,KIA,CEED,RAC,PHEV,Gasolina Mild Hybrid,UKL2,REST,Standard,HACH 5P,No Renting,1
2023,07,KIA,EV6,Corporate,BEV,Electrico,KKL,REST,Standard,SAV,No Renting,10
2023,07,KIA,EV6,Corporate,BEV,Electrico,KKL,REST,Standard,SAV,Renting,7
2023,07,KIA,EV6,Private,BEV,Electrico,KKL,REST,Standard,SAV,No Renting,25
2023,07,KIA,EV6,RAC,BEV,Electrico,KKL,REST,Standard,SAV,No Renting,1
2023,07,KIA,NIRO,Corporate,BEV,Gasolina/Electrico Enchufable,UKL2,REST,Standard,SAV,No Renting,23
2023,07,KIA,NIRO,Corporate,BEV,Gasolina/Electrico Enchufable,UKL2,REST,Standard,SAV,Renting,22
2023,07,KIA,NIRO,Corporate,ICE,Gasolina/Electrico Enchufable,UKL2,REST,Standard,SAV,No Renting,16
2023,07,KIA,NIRO,Corporate,ICE,Gasolina/Electrico Enchufable,UKL2,REST,Standard,SAV,Renting,54
2023,07,KIA,NIRO,Corporate,PHEV,Gasolina/Electrico Enchufable,UKL2,REST,Standard,SAV,No Renting,20
2023,07,KIA,NIRO,Corporate,PHEV,Gasolina/Electrico Enchufable,UKL2,REST,Standard,SAV,Renting,20
2023,07,KIA,NIRO,Private,BEV,Gasolina/Electrico Enchufable,UKL2,REST,Standard,SAV,No Renting,28
2023,07,KIA,NIRO,Private,ICE,Gasolina/Electrico Enchufable,UKL2,REST,Standard,SAV,No Renting,181
2023,07,KIA,NIRO,Private,PHEV,Gasolina/Electrico Enchufable,UKL2,REST,Standard,SAV,No Renting,83
2023,07,KIA,NIRO,RAC,BEV,Gasolina/Electrico Enchufable,UKL2,REST,Standard,SAV,No Renting,3
2023,07,KIA,NIRO,RAC,ICE,Gasolina/Electrico Enchufable,UKL2,REST,Standard,SAV,No Renting,5
2023,07,KIA,NIRO,RAC,PHEV,Gasolina/Electrico Enchufable,UKL2,REST,Standard,SAV,No Renting,5
2023,07,KIA,OPTIMA,Corporate,ICE,Gasolina,,REST,Standard,,No Renting,1
2023,07,KIA,PICANTO,Corporate,ICE,Gasolina,UKL0,REST,Standard,HACH 5P,No Renting,277
2023,07,KIA,PICANTO,Corporate,ICE,Gasolina,UKL0,REST,Standard,HACH 5P,Renting,269
2023,07,KIA,PICANTO,Private,ICE,Gasolina,UKL0,REST,Standard,HACH 5P,No Renting,181
2023,07,KIA,PICANTO,RAC,ICE,Gasolina,UKL0,REST,Standard,HACH 5P,No Renting,3
2023,07,KIA,PROCEED,Corporate,ICE,Gasolina,,,Standard,,No Renting,2
2023,07,KIA,PROCEED,Private,ICE,Gasolina,,,Standard,,No Renting,3
2023,07,KIA,PROCEED,Private,ICE,Gasolina,,REST,Standard,,No Renting,1
2023,07,KIA,RIO,Corporate,ICE,Gasolina,UKL1,REST,Standard,HACH 5P,No Renting,114
2023,07,KIA,RIO,Corporate,ICE,Gasolina,UKL1,REST,Standard,HACH 5P,Renting,25
2023,07,KIA,RIO,Private,ICE,Gasolina,UKL1,REST,Standard,HACH 5P,No Renting,376
2023,07,KIA,RIO,RAC,ICE,Gasolina,UKL1,REST,Standard,HACH 5P,No Renting,111
2023,07,KIA,SORENTO,Corporate,ICE,Gasolina/Electrico Enchufable,KKL,REST,Standard,SAV,No Renting,17
2023,07,KIA,SORENTO,Corporate,ICE,Gasolina/Electrico Enchufable,KKL,REST,Standard,SAV,Renting,22
2023,07,KIA,SORENTO,Corporate,PHEV,Gasolina/Electrico Enchufable,KKL,REST,Standard,SAV,No Renting,6
2023,07,KIA,SORENTO,Corporate,PHEV,Gasolina/Electrico Enchufable,KKL,REST,Standard,SAV,Renting,4
2023,07,KIA,SORENTO,Private,ICE,Gasolina/Electrico Enchufable,KKL,REST,Standard,SAV,No Renting,56
2023,07,KIA,SORENTO,Private,PHEV,Gasolina/Electrico Enchufable,KKL,REST,Standard,SAV,No Renting,17
2023,07,KIA,SORENTO,RAC,ICE,Gasolina/Electrico Enchufable,KKL,REST,Standard,SAV,Renting,32
2023,07,KIA,SORENTO,RAC,PHEV,Gasolina/Electrico Enchufable,KKL,REST,Standard,SAV,No Renting,1
2023,07,KIA,SPORTAGE,Corporate,ICE,Gasolina/Electrico Enchufable,UKL2,REST,Standard,SAV,No Renting,293
2023,07,KIA,SPORTAGE,Corporate,ICE,Gasolina/Electrico Enchufable,UKL2,REST,Standard,SAV,Renting,355
2023,07,KIA,SPORTAGE,Corporate,PHEV,Gasolina/Electrico Enchufable,UKL2,REST,Standard,SAV,No Renting,26
2023,07,KIA,SPORTAGE,Corporate,PHEV,Gasolina/Electrico Enchufable,UKL2,REST,Standard,SAV,Renting,67
2023,07,KIA,SPORTAGE,Private,ICE,Gasolina/Electrico Enchufable,UKL2,REST,Standard,SAV,No Renting,823
2023,07,KIA,SPORTAGE,Private,PHEV,Gasolina/Electrico Enchufable,UKL2,REST,Standard,SAV,No Renting,199
2023,07,KIA,SPORTAGE,RAC,ICE,Gasolina/Electrico Enchufable,UKL2,REST,Standard,SAV,No Renting,40
2023,07,KIA,SPORTAGE,RAC,ICE,Gasolina/Electrico Enchufable,UKL2,REST,Standard,SAV,Renting,72
2023,07,KIA,SPORTAGE,RAC,PHEV,Gasolina/Electrico Enchufable,UKL2,REST,Standard,SAV,No Renting,4
2023,07,KIA,STINGER,Private,ICE,Gasolina,KKL,REST,Standard,SEDAN,No Renting,1
2023,07,KIA,STONIC,Corporate,ICE,Gasolina Mild Hybrid,UKL1,REST,Standard,SAV,No Renting,18
2023,07,KIA,STONIC,Corporate,ICE,Gasolina Mild Hybrid,UKL1,REST,Standard,SAV,Renting,253
2023,07,KIA,STONIC,Private,ICE,Gasolina Mild Hybrid,UKL1,REST,Standard,SAV,No Renting,368
2023,07,KIA,STONIC,RAC,ICE,Gasolina Mild Hybrid,UKL1,REST,Standard,SAV,No Renting,214
2023,07,KIA,STONIC,RAC,ICE,Gasolina Mild Hybrid,UKL1,REST,Standard,SAV,Renting,46
2023,07,KIA,XCEED,Corporate,ICE,Gasolina Mild Hybrid,UKL2,REST,Standard,HACH 5P,No Renting,27
2023,07,KIA,XCEED,Corporate,ICE,Gasolina Mild Hybrid,UKL2,REST,Standard,HACH 5P,Renting,56
2023,07,KIA,XCEED,Corporate,PHEV,Gasolina Mild Hybrid,UKL2,REST,Standard,HACH 5P,No Renting,14
2023,07,KIA,XCEED,Corporate,PHEV,Gasolina Mild Hybrid,UKL2,REST,Standard,HACH 5P,Renting,17
2023,07,KIA,XCEED,Private,ICE,Gasolina Mild Hybrid,UKL2,REST,Standard,HACH 5P,No Renting,557
2023,07,KIA,XCEED,Private,PHEV,Gasolina Mild Hybrid,UKL2,REST,Standard,HACH 5P,No Renting,29
2023,07,KIA,XCEED,RAC,ICE,Gasolina Mild Hybrid,UKL2,REST,Standard,HACH 5P,No Renting,95
2023,07,KIA,XCEED,RAC,ICE,Gasolina Mild Hybrid,UKL2,REST,Standard,HACH 5P,Renting,40
2023,07,L CITY,KOFFER S,Corporate,BEV,Electrico,,REST,Standard,,No Renting,1
2023,07,LAMBORGHINI,HURACAN,Corporate,ICE,Gasolina,GKL+,FOCUS SEGMENT,Standard,COUPE,No Renting,1
2023,07,LAMBORGHINI,URUS,Corporate,ICE,Gasolina,GKL+,FOCUS SEGMENT,Standard,SAV,No Renting,2
2023,07,LAMBORGHINI,URUS,RAC,ICE,Gasolina,GKL+,FOCUS SEGMENT,Standard,SAV,No Renting,1
2023,07,LAND ROVER,DEFENDER,Corporate,ICE,Gasolina/Electrico Enchufable,MKL,FOCUS SEGMENT,Standard,SUV,No Renting,24
2023,07,LAND ROVER,DEFENDER,Corporate,ICE,Gasolina/Electrico Enchufable,MKL,FOCUS SEGMENT,Standard,SUV,Renting,9
2023,07,LAND ROVER,DEFENDER,Corporate,PHEV,Gasolina/Electrico Enchufable,MKL,FOCUS SEGMENT,Standard,SUV,No Renting,7
2023,07,LAND ROVER,DEFENDER,Corporate,PHEV,Gasolina/Electrico Enchufable,MKL,FOCUS SEGMENT,Standard,SUV,Renting,4
2023,07,LAND ROVER,DEFENDER,Private,ICE,Gasolina/Electrico Enchufable,MKL,FOCUS SEGMENT,Standard,SUV,No Renting,17
2023,07,LAND ROVER,DEFENDER,Private,PHEV,Gasolina/Electrico Enchufable,MKL,FOCUS SEGMENT,Standard,SUV,No Renting,8
2023,07,LAND ROVER,DEFENDER,RAC,ICE,Gasolina/Electrico Enchufable,MKL,FOCUS SEGMENT,Standard,SUV,No Renting,1
2023,07,LAND ROVER,DISCOVERY,Corporate,BEV,Gasolina/Electrico Enchufable,MKL,FOCUS SEGMENT,Standard,SUV,No Renting,1
2023,07,LAND ROVER,DISCOVERY,Corporate,ICE,Gasolina/Electrico Enchufable,MKL,FOCUS SEGMENT,Standard,SUV,No Renting,5
2023,07,LAND ROVER,DISCOVERY,Corporate,ICE,Gasolina/Electrico Enchufable,MKL,FOCUS SEGMENT,Standard,SUV,Renting,5
2023,07,LAND ROVER,DISCOVERY,Corporate,PHEV,Gasolina/Electrico Enchufable,MKL,FOCUS SEGMENT,Standard,SUV,No Renting,2
2023,07,LAND ROVER,DISCOVERY,Corporate,PHEV,Gasolina/Electrico Enchufable,MKL,FOCUS SEGMENT,Standard,SUV,Renting,1
2023,07,LAND ROVER,DISCOVERY,Private,ICE,Gasolina/Electrico Enchufable,MKL,FOCUS SEGMENT,Standard,SUV,No Renting,4
2023,07,LAND ROVER,RANGE ROVER,Corporate,ICE,Gasolina/Electrico Enchufable,GKL,FOCUS SEGMENT,Standard,SAV,No Renting,6
2023,07,LAND ROVER,RANGE ROVER,Corporate,ICE,Gasolina/Electrico Enchufable,GKL,FOCUS SEGMENT,Standard,SAV,Renting,4
2023,07,LAND ROVER,RANGE ROVER,Corporate,PHEV,Gasolina/Electrico Enchufable,GKL,FOCUS SEGMENT,Standard,SAV,No Renting,7
2023,07,LAND ROVER,RANGE ROVER,Corporate,PHEV,Gasolina/Electrico Enchufable,GKL,FOCUS SEGMENT,Standard,SAV,Renting,4
2023,07,LAND ROVER,RANGE ROVER,Private,ICE,Gasolina/Electrico Enchufable,GKL,FOCUS SEGMENT,Standard,SAV,No Renting,3
2023,07,LAND ROVER,RANGE ROVER,Private,PHEV,Gasolina/Electrico Enchufable,GKL,FOCUS SEGMENT,Standard,SAV,No Renting,3
2023,07,LAND ROVER,RANGE ROVER EVOQUE,Corporate,ICE,Gasolina/Electrico Enchufable,UKL2,FOCUS SEGMENT,Standard,SAV,No Renting,10
2023,07,LAND ROVER,RANGE ROVER EVOQUE,Corporate,ICE,Gasolina/Electrico Enchufable,UKL2,FOCUS SEGMENT,Standard,SAV,Renting,17
2023,07,LAND ROVER,RANGE ROVER EVOQUE,Corporate,PHEV,Gasolina/Electrico Enchufable,UKL2,FOCUS SEGMENT,Standard,SAV,No Renting,11
2023,07,LAND ROVER,RANGE ROVER EVOQUE,Corporate,PHEV,Gasolina/Electrico Enchufable,UKL2,FOCUS SEGMENT,Standard,SAV,Renting,20
2023,07,LAND ROVER,RANGE ROVER EVOQUE,Private,ICE,Gasolina/Electrico Enchufable,UKL2,FOCUS SEGMENT,Standard,SAV,No Renting,9
2023,07,LAND ROVER,RANGE ROVER EVOQUE,Private,PHEV,Gasolina/Electrico Enchufable,UKL2,FOCUS SEGMENT,Standard,SAV,No Renting,6
2023,07,LAND ROVER,RANGE ROVER SPORT,Corporate,ICE,Gasolina/Electrico Enchufable,MKL,FOCUS SEGMENT,Standard,SAV,No Renting,12
2023,07,LAND ROVER,RANGE ROVER SPORT,Corporate,ICE,Gasolina/Electrico Enchufable,MKL,FOCUS SEGMENT,Standard,SAV,Renting,3
2023,07,LAND ROVER,RANGE ROVER SPORT,Corporate,PHEV,Gasolina/Electrico Enchufable,MKL,FOCUS SEGMENT,Standard,SAV,No Renting,18
2023,07,LAND ROVER,RANGE ROVER SPORT,Corporate,PHEV,Gasolina/Electrico Enchufable,MKL,FOCUS SEGMENT,Standard,SAV,Renting,14
2023,07,LAND ROVER,RANGE ROVER SPORT,Private,ICE,Gasolina/Electrico Enchufable,MKL,FOCUS SEGMENT,Standard,SAV,No Renting,4
2023,07,LAND ROVER,RANGE ROVER SPORT,Private,PHEV,Gasolina/Electrico Enchufable,MKL,FOCUS SEGMENT,Standard,SAV,No Renting,19
2023,07,LAND ROVER,RANGE ROVER SPORT,RAC,ICE,Gasolina/Electrico Enchufable,MKL,FOCUS SEGMENT,Standard,SAV,No Renting,1
2023,07,LAND ROVER,RANGE ROVER SPORT,RAC,PHEV,Gasolina/Electrico Enchufable,MKL,FOCUS SEGMENT,Standard,SAV,No Renting,1
2023,07,LAND ROVER,RANGE ROVER VELAR,Corporate,ICE,Gasolina/Electrico Enchufable,MKL,FOCUS SEGMENT,Standard,SAV,No Renting,11
2023,07,LAND ROVER,RANGE ROVER VELAR,Corporate,ICE,Gasolina/Electrico Enchufable,MKL,FOCUS SEGMENT,Standard,SAV,Renting,12
2023,07,LAND ROVER,RANGE ROVER VELAR,Corporate,PHEV,Gasolina/Electrico Enchufable,MKL,FOCUS SEGMENT,Standard,SAV,No Renting,2
2023,07,LAND ROVER,RANGE ROVER VELAR,Corporate,PHEV,Gasolina/Electrico Enchufable,MKL,FOCUS SEGMENT,Standard,SAV,Renting,5
2023,07,LEXUS,ES,Corporate,ICE,Gasolina/Electrico,MKL,FOCUS SEGMENT,Standard,SEDAN,No Renting,13
2023,07,LEXUS,ES,Corporate,ICE,Gasolina/Electrico,MKL,FOCUS SEGMENT,Standard,SEDAN,Renting,11
2023,07,LEXUS,ES,Private,ICE,Gasolina/Electrico,MKL,FOCUS SEGMENT,Standard,SEDAN,No Renting,23
2023,07,LEXUS,LC,Corporate,ICE,Gasolina,GKL,FOCUS SEGMENT,Standard,COUPE,Renting,1
2023,07,LEXUS,NX,Corporate,ICE,Gasolina/Electrico Enchufable,KKL,FOCUS SEGMENT,Standard,SAV,No Renting,23
2023,07,LEXUS,NX,Corporate,ICE,Gasolina/Electrico Enchufable,KKL,FOCUS SEGMENT,Standard,SAV,Renting,26
2023,07,LEXUS,NX,Corporate,PHEV,Gasolina/Electrico Enchufable,KKL,FOCUS SEGMENT,Standard,SAV,No Renting,17
2023,07,LEXUS,NX,Corporate,PHEV,Gasolina/Electrico Enchufable,KKL,FOCUS SEGMENT,Standard,SAV,Renting,26
2023,07,LEXUS,NX,Private,ICE,Gasolina/Electrico Enchufable,KKL,FOCUS SEGMENT,Standard,SAV,No Renting,67
2023,07,LEXUS,NX,Private,PHEV,Gasolina/Electrico Enchufable,KKL,FOCUS SEGMENT,Standard,SAV,No Renting,24
2023,07,LEXUS,RX,Corporate,ICE,Gasolina/Electrico Enchufable,MKL,FOCUS SEGMENT,Standard,SAV,No Renting,11
2023,07,LEXUS,RX,Corporate,ICE,Gasolina/Electrico Enchufable,MKL,FOCUS SEGMENT,Standard,SAV,Renting,3
2023,07,LEXUS,RX,Corporate,PHEV,Gasolina/Electrico Enchufable,MKL,FOCUS SEGMENT,Standard,SAV,No Renting,14
2023,07,LEXUS,RX,Corporate,PHEV,Gasolina/Electrico Enchufable,MKL,FOCUS SEGMENT,Standard,SAV,Renting,8
2023,07,LEXUS,RX,Private,ICE,Gasolina/Electrico Enchufable,MKL,FOCUS SEGMENT,Standard,SAV,No Renting,7
2023,07,LEXUS,RX,Private,PHEV,Gasolina/Electrico Enchufable,MKL,FOCUS SEGMENT,Standard,SAV,No Renting,8
2023,07,LEXUS,RZ,Corporate,BEV,Electrico,KKL,FOCUS SEGMENT,Standard,SAT,No Renting,2
2023,07,LEXUS,RZ,Corporate,BEV,Electrico,KKL,FOCUS SEGMENT,Standard,SAT,Renting,1
2023,07,LEXUS,RZ,Private,BEV,Electrico,KKL,FOCUS SEGMENT,Standard,SAT,No Renting,2
2023,07,LEXUS,RZ,RAC,BEV,Electrico,KKL,FOCUS SEGMENT,Standard,SAT,Renting,12
2023,07,LEXUS,UX,Corporate,BEV,Gasolina/Electrico,UKL2,FOCUS SEGMENT,Standard,SAV,No Renting,3
2023,07,LEXUS,UX,Corporate,ICE,Gasolina/Electrico,UKL2,FOCUS SEGMENT,Standard,SAV,No Renting,48
2023,07,LEXUS,UX,Corporate,ICE,Gasolina/Electrico,UKL2,FOCUS SEGMENT,Standard,SAV,Renting,79
2023,07,LEXUS,UX,Private,BEV,Gasolina/Electrico,UKL2,FOCUS SEGMENT,Standard,SAV,No Renting,1
2023,07,LEXUS,UX,Private,ICE,Gasolina/Electrico,UKL2,FOCUS SEGMENT,Standard,SAV,No Renting,171
2023,07,LEXUS,UX,RAC,ICE,Gasolina/Electrico,UKL2,FOCUS SEGMENT,Standard,SAV,Renting,34
2023,07,LMC CARAVAN GMBH,C601,RAC,ICE,Diesel,,REST,Standard,,No Renting,1
2023,07,LYNK & CO,LYNK&CO 01,Corporate,PHEV,Gasolina/Electrico Enchufable,UKL2,REST,Standard,SAV,No Renting,1
2023,07,LYNK & CO,LYNK&CO 01,Corporate,PHEV,Gasolina/Electrico Enchufable,UKL2,REST,Standard,SAV,Renting,34
2023,07,LYNK & CO,LYNK&CO 01,Private,PHEV,Gasolina/Electrico Enchufable,UKL2,REST,Standard,SAV,No Renting,1
2023,07,LYNK & CO,LYNK&CO 01,RAC,PHEV,Gasolina/Electrico Enchufable,UKL2,REST,Standard,SAV,No Renting,344
2023,07,MAN,TGE,Corporate,ICE,Diesel,SKL,REST,Standard,TRANSPORTER,No Renting,40
2023,07,MAN,TGE,Corporate,ICE,Diesel,SKL,REST,Standard,TRANSPORTER,Renting,1
2023,07,MAN,TGE,Private,ICE,Diesel,SKL,REST,Standard,TRANSPORTER,No Renting,16
2023,07,MAN,TGE,RAC,ICE,Diesel,SKL,REST,Standard,TRANSPORTER,No Renting,5
2023,07,MAN,TGE,RAC,ICE,Diesel,SKL,REST,Standard,TRANSPORTER,Renting,4
2023,07,MASERATI,GHIBLI,Private,ICE,Gasolina,MKL,FOCUS SEGMENT,Standard,SEDAN,No Renting,1
2023,07,MASERATI,GRANTURISMO,Corporate,ICE,Gasolina,GKL,FOCUS SEGMENT,Standard,COUPE,No Renting,1
2023,07,MASERATI,GRANTURISMO,Private,ICE,Gasolina,GKL,FOCUS SEGMENT,Standard,COUPE,No Renting,2
2023,07,MASERATI,GRECALE,Corporate,ICE,Gasolina Mild Hybrid,KKL,FOCUS SEGMENT,Standard,SAV,No Renting,10
2023,07,MASERATI,GRECALE,Corporate,ICE,Gasolina Mild Hybrid,KKL,FOCUS SEGMENT,Standard,SAV,Renting,7
2023,07,MASERATI,GRECALE,Private,ICE,Gasolina Mild Hybrid,KKL,FOCUS SEGMENT,Standard,SAV,No Renting,5
2023,07,MASERATI,GRECALE,RAC,ICE,Gasolina Mild Hybrid,KKL,FOCUS SEGMENT,Standard,SAV,Renting,2
2023,07,MASERATI,LEVANTE,RAC,ICE,Gasolina,MKL,FOCUS SEGMENT,Standard,SAV,No Renting,2
2023,07,MASERATI,MC20,Private,ICE,Gasolina,GKL+,FOCUS SEGMENT,Standard,COUPE,No Renting,1
2023,07,MAXUS,DELIVER 9,Corporate,ICE,Electrico,SKL,REST,Standard,TRANSPORTER,No Renting,11
2023,07,MAXUS,DELIVER 9,Corporate,ICE,Electrico,SKL,REST,Standard,TRANSPORTER,Renting,1
2023,07,MAXUS,DELIVER 9,Private,ICE,Electrico,SKL,REST,Standard,TRANSPORTER,No Renting,5
2023,07,MAXUS,DELIVER 9,RAC,ICE,Electrico,SKL,REST,Standard,TRANSPORTER,No Renting,2
2023,07,MAXUS,EUNIQ 5,Private,BEV,Electrico,MKL,REST,Standard,MPV,No Renting,1
2023,07,MAXUS,MAXUS E DELIVER 9,Corporate,BEV,Electrico,,REST,Standard,,No Renting,1
2023,07,MAXUS,MAXUS E-DELIVER 3,Corporate,BEV,Electrico,,REST,Standard,,No Renting,10
2023,07,MAXUS,MAXUS E-DELIVER 3,Private,BEV,Electrico,,REST,Standard,,No Renting,1
2023,07,MAXUS,MAXUS E-DELIVER 9,Corporate,BEV,Electrico,,REST,Standard,,No Renting,2
2023,07,MAXUS,MAXUS EDELIVER 9,Corporate,BEV,Electrico,,REST,Standard,,No Renting,1
2023,07,MAXUS,MAXUS EDELIVER 9,Private,BEV,Electrico,,REST,Standard,,No Renting,1
2023,07,MAXUS,T90,Corporate,BEV,Electrico,SKL,REST,Standard,PICKUP,No Renting,2
2023,07,MAZDA,CX30,Corporate,ICE,Gasolina Mild Hybrid,UKL2,REST,Standard,SAV,No Renting,30
2023,07,MAZDA,CX30,Corporate,ICE,Gasolina Mild Hybrid,UKL2,REST,Standard,SAV,Renting,21
2023,07,MAZDA,CX30,Private,ICE,Gasolina Mild Hybrid,UKL2,REST,Standard,SAV,No Renting,220
2023,07,MAZDA,CX5,Corporate,ICE,Gasolina Mild Hybrid,UKL2,REST,Standard,SAV,No Renting,53
2023,07,MAZDA,CX5,Corporate,ICE,Gasolina Mild Hybrid,UKL2,REST,Standard,SAV,Renting,42
2023,07,MAZDA,CX5,Private,ICE,Gasolina Mild Hybrid,UKL2,REST,Standard,SAV,No Renting,321
2023,07,MAZDA,CX60,Corporate,ICE,Gasolina/Electrico Enchufable,KKL,REST,Standard,SAV,No Renting,17
2023,07,MAZDA,CX60,Corporate,ICE,Gasolina/Electrico Enchufable,KKL,REST,Standard,SAV,Renting,17
2023,07,MAZDA,CX60,Corporate,PHEV,Gasolina/Electrico Enchufable,KKL,REST,Standard,SAV,No Renting,14
2023,07,MAZDA,CX60,Corporate,PHEV,Gasolina/Electrico Enchufable,KKL,REST,Standard,SAV,Renting,23
2023,07,MAZDA,CX60,Private,ICE,Gasolina/Electrico Enchufable,KKL,REST,Standard,SAV,No Renting,47
2023,07,MAZDA,CX60,Private,PHEV,Gasolina/Electrico Enchufable,KKL,REST,Standard,SAV,No Renting,60
2023,07,MAZDA,CX60,RAC,ICE,Gasolina/Electrico Enchufable,KKL,REST,Standard,SAV,No Renting,1
2023,07,MAZDA,MAZDA 2,Corporate,ICE,Gasolina/Electrico,UKL1,REST,Standard,HACH 5P,No Renting,8
2023,07,MAZDA,MAZDA 2,Corporate,ICE,Gasolina/Electrico,UKL1,REST,Standard,HACH 5P,Renting,16
2023,07,MAZDA,MAZDA 2,Private,ICE,Gasolina/Electrico,UKL1,REST,Standard,HACH 5P,No Renting,39
2023,07,MAZDA,MAZDA 2,RAC,ICE,Gasolina/Electrico,UKL1,REST,Standard,HACH 5P,No Renting,19
2023,07,MAZDA,MAZDA 3,Corporate,ICE,Gasolina Mild Hybrid,UKL2,REST,Standard,SEDAN,No Renting,72
2023,07,MAZDA,MAZDA 3,Corporate,ICE,Gasolina Mild Hybrid,UKL2,REST,Standard,SEDAN,Renting,12
2023,07,MAZDA,MAZDA 3,Private,ICE,Gasolina Mild Hybrid,UKL2,REST,Standard,SEDAN,No Renting,100
2023,07,MAZDA,MAZDA 3,RAC,ICE,Gasolina Mild Hybrid,UKL2,REST,Standard,SEDAN,No Renting,1
2023,07,MAZDA,MAZDA 6,Corporate,ICE,Gasolina,KKL,REST,Standard,ESTATE,No Renting,3
2023,07,MAZDA,MAZDA 6,Corporate,ICE,Gasolina,KKL,REST,Standard,ESTATE,Renting,1
2023,07,MAZDA,MAZDA 6,Private,ICE,Gasolina,KKL,REST,Standard,ESTATE,No Renting,12
2023,07,MAZDA,MX-30,RAC,BEV,Gasolina/Electrico Enchufable,UKL2,REST,Standard,HACH 5P,No Renting,3
2023,07,MAZDA,MX-5,Corporate,ICE,Gasolina,UKL2,REST,Standard,ROADSTER,No Renting,1
2023,07,MAZDA,MX-5,Private,ICE,Gasolina,UKL2,REST,Standard,ROADSTER,No Renting,16
2023,07,MAZDA,MX5-MIATA,Private,ICE,Gasolina,,REST,Standard,,No Renting,1
2023,07,MECACLIMA,M27F,Private,ICE,Diesel,,REST,Standard,,No Renting,1
2023,07,MERCEDES,AMG GT,Corporate,ICE,Gasolina Mild Hybrid,GKL,FOCUS SEGMENT,M Performance,COUPE,Renting,1
2023,07,MERCEDES,AMG GT,Corporate,PHEV,Gasolina Mild Hybrid,GKL,FOCUS SEGMENT,M,COUPE,No Renting,1
2023,07,MERCEDES,AMG GT,Corporate,PHEV,Gasolina Mild Hybrid,GKL,FOCUS SEGMENT,M,COUPE,Renting,2
2023,07,MERCEDES,CITAN,Corporate,ICE,Gasolina,SKL,REST,Standard,TRANSPORTER,No Renting,89
2023,07,MERCEDES,CITAN,Corporate,ICE,Gasolina,SKL,REST,Standard,TRANSPORTER,Renting,63
2023,07,MERCEDES,CITAN,Private,ICE,Gasolina,SKL,REST,Standard,TRANSPORTER,No Renting,19
2023,07,MERCEDES,CITAN,RAC,ICE,Gasolina,SKL,REST,Standard,TRANSPORTER,No Renting,11
2023,07,MERCEDES,CITAN,RAC,ICE,Gasolina,SKL,REST,Standard,TRANSPORTER,Renting,2
2023,07,MERCEDES,CLASE A,Corporate,ICE,Diesel,UKL2,FOCUS SEGMENT,Standard,HACH 5P,No Renting,1
2023,07,MERCEDES,CLASE A,Corporate,ICE,Diesel,UKL2,FOCUS SEGMENT,Standard,HACH 5P,Renting,1
2023,07,MERCEDES,CLASE A,Corporate,ICE,Diesel,UKL2,FOCUS SEGMENT,Standard,SEDAN,No Renting,70
2023,07,MERCEDES,CLASE A,Corporate,ICE,Diesel,UKL2,FOCUS SEGMENT,Standard,SEDAN,Renting,43
2023,07,MERCEDES,CLASE A,Corporate,ICE,Gasolina,UKL2,FOCUS SEGMENT,Standard,HACH 5P,No Renting,12
2023,07,MERCEDES,CLASE A,Corporate,ICE,Gasolina,UKL2,FOCUS SEGMENT,Standard,HACH 5P,Renting,4
2023,07,MERCEDES,CLASE A,Corporate,ICE,Gasolina,UKL2,FOCUS SEGMENT,Standard,SEDAN,No Renting,19
2023,07,MERCEDES,CLASE A,Corporate,ICE,Gasolina,UKL2,FOCUS SEGMENT,Standard,SEDAN,Renting,24
2023,07,MERCEDES,CLASE A,Corporate,ICE,Gasolina/Electrico Enchufable,UKL2,FOCUS SEGMENT,M,HACH 5P,Renting,1
2023,07,MERCEDES,CLASE A,Corporate,ICE,Gasolina/Electrico Enchufable,UKL2,FOCUS SEGMENT,M Performance,HACH 5P,No Renting,1
2023,07,MERCEDES,CLASE A,Corporate,ICE,Gasolina/Electrico Enchufable,UKL2,FOCUS SEGMENT,Standard,HACH 5P,No Renting,1
2023,07,MERCEDES,CLASE A,Corporate,PHEV,Gasolina/Electrico Enchufable,UKL2,FOCUS SEGMENT,Standard,HACH 5P,No Renting,30
2023,07,MERCEDES,CLASE A,Corporate,PHEV,Gasolina/Electrico Enchufable,UKL2,FOCUS SEGMENT,Standard,HACH 5P,Renting,11
2023,07,MERCEDES,CLASE A,Private,ICE,Diesel,UKL2,FOCUS SEGMENT,Standard,HACH 5P,No Renting,1
2023,07,MERCEDES,CLASE A,Private,ICE,Diesel,UKL2,FOCUS SEGMENT,Standard,SEDAN,No Renting,23
2023,07,MERCEDES,CLASE A,Private,ICE,Gasolina,UKL2,FOCUS SEGMENT,Standard,HACH 5P,No Renting,9
2023,07,MERCEDES,CLASE A,Private,ICE,Gasolina,UKL2,FOCUS SEGMENT,Standard,SEDAN,No Renting,16
2023,07,MERCEDES,CLASE A,Private,ICE,Gasolina/Electrico Enchufable,UKL2,FOCUS SEGMENT,M Performance,HACH 5P,No Renting,1
2023,07,MERCEDES,CLASE A,Private,PHEV,Gasolina/Electrico Enchufable,UKL2,FOCUS SEGMENT,Standard,HACH 5P,No Renting,14
2023,07,MERCEDES,CLASE A,RAC,ICE,Diesel,UKL2,FOCUS SEGMENT,Standard,SEDAN,No Renting,2
2023,07,MERCEDES,CLASE A,RAC,ICE,Diesel,UKL2,FOCUS SEGMENT,Standard,SEDAN,Renting,376
2023,07,MERCEDES,CLASE A,RAC,ICE,Gasolina,UKL2,FOCUS SEGMENT,Standard,HACH 5P,Renting,35
2023,07,MERCEDES,CLASE A,RAC,ICE,Gasolina,UKL2,FOCUS SEGMENT,Standard,SEDAN,No Renting,1
2023,07,MERCEDES,CLASE A,RAC,ICE,Gasolina,UKL2,FOCUS SEGMENT,Standard,SEDAN,Renting,27
2023,07,MERCEDES,CLASE A,RAC,PHEV,Gasolina/Electrico Enchufable,UKL2,FOCUS SEGMENT,Standard,HACH 5P,Renting,61
2023,07,MERCEDES,CLASE B,Corporate,ICE,Diesel,UKL2,FOCUS SEGMENT,Standard,SAT,No Renting,26
2023,07,MERCEDES,CLASE B,Corporate,ICE,Diesel,UKL2,FOCUS SEGMENT,Standard,SAT,Renting,46
2023,07,MERCEDES,CLASE B,Corporate,ICE,Gasolina,UKL2,FOCUS SEGMENT,Standard,SAT,No Renting,2
2023,07,MERCEDES,CLASE B,Corporate,ICE,Gasolina,UKL2,FOCUS SEGMENT,Standard,SAT,Renting,4
2023,07,MERCEDES,CLASE B,Corporate,PHEV,Gasolina/Electrico Enchufable,UKL2,FOCUS SEGMENT,Standard,SAT,No Renting,4
2023,07,MERCEDES,CLASE B,Corporate,PHEV,Gasolina/Electrico Enchufable,UKL2,FOCUS SEGMENT,Standard,SAT,Renting,5
2023,07,MERCEDES,CLASE B,Private,ICE,Diesel,UKL2,FOCUS SEGMENT,Standard,SAT,No Renting,1
2023,07,MERCEDES,CLASE B,Private,ICE,Gasolina,UKL2,FOCUS SEGMENT,Standard,SAT,No Renting,9
2023,07,MERCEDES,CLASE B,Private,PHEV,Gasolina/Electrico Enchufable,UKL2,FOCUS SEGMENT,Standard,SAT,No Renting,1
2023,07,MERCEDES,CLASE B,RAC,ICE,Diesel,UKL2,FOCUS SEGMENT,Standard,SAT,No Renting,2
2023,07,MERCEDES,CLASE B,RAC,ICE,Diesel,UKL2,FOCUS SEGMENT,Standard,SAT,Renting,12
2023,07,MERCEDES,CLASE B,RAC,ICE,Gasolina,UKL2,FOCUS SEGMENT,Standard,SAT,No Renting,1
2023,07,MERCEDES,CLASE C,Corporate,ICE,Diesel,KKL,FOCUS SEGMENT,Standard,ESTATE,No Renting,142
2023,07,MERCEDES,CLASE C,Corporate,ICE,Diesel,KKL,FOCUS SEGMENT,Standard,ESTATE,Renting,25
2023,07,MERCEDES,CLASE C,Corporate,ICE,Diesel,KKL,FOCUS SEGMENT,Standard,SEDAN,No Renting,39
2023,07,MERCEDES,CLASE C,Corporate,ICE,Diesel,KKL,FOCUS SEGMENT,Standard,SEDAN,Renting,16
2023,07,MERCEDES,CLASE C,Corporate,ICE,Gasolina,KKL,FOCUS SEGMENT,Standard,ESTATE,No Renting,5
2023,07,MERCEDES,CLASE C,Corporate,ICE,Gasolina,KKL,FOCUS SEGMENT,Standard,ESTATE,Renting,5
2023,07,MERCEDES,CLASE C,Corporate,ICE,Gasolina,KKL,FOCUS SEGMENT,Standard,SEDAN,No Renting,1
2023,07,MERCEDES,CLASE C,Corporate,ICE,Gasolina,KKL,FOCUS SEGMENT,Standard,SEDAN,Renting,1
2023,07,MERCEDES,CLASE C,Corporate,ICE,Gasolina/Electrico Enchufable,KKL,FOCUS SEGMENT,M Performance,SEDAN,No Renting,2
2023,07,MERCEDES,CLASE C,Corporate,ICE,Gasolina/Electrico Enchufable,KKL,FOCUS SEGMENT,M Performance,SEDAN,Renting,4
2023,07,MERCEDES,CLASE C,Corporate,ICE,Gasolina/Electrico Enchufable,KKL,FOCUS SEGMENT,Standard,SEDAN,No Renting,6
2023,07,MERCEDES,CLASE C,Corporate,ICE,Gasolina/Electrico Enchufable,KKL,FOCUS SEGMENT,Standard,SEDAN,Renting,2
2023,07,MERCEDES,CLASE C,Corporate,PHEV,Gasolina/Electrico Enchufable,KKL,FOCUS SEGMENT,M,SEDAN,Renting,1
2023,07,MERCEDES,CLASE C,Corporate,PHEV,Gasolina/Electrico Enchufable,KKL,FOCUS SEGMENT,Standard,ESTATE,No Renting,13
2023,07,MERCEDES,CLASE C,Corporate,PHEV,Gasolina/Electrico Enchufable,KKL,FOCUS SEGMENT,Standard,ESTATE,Renting,13
2023,07,MERCEDES,CLASE C,Private,ICE,Diesel,KKL,FOCUS SEGMENT,Standard,ESTATE,No Renting,23
2023,07,MERCEDES,CLASE C,Private,ICE,Diesel,KKL,FOCUS SEGMENT,Standard,SEDAN,No Renting,36
2023,07,MERCEDES,CLASE C,Private,ICE,Gasolina,KKL,FOCUS SEGMENT,Standard,ESTATE,No Renting,13
2023,07,MERCEDES,CLASE C,Private,ICE,Gasolina,KKL,FOCUS SEGMENT,Standard,SEDAN,No Renting,5
2023,07,MERCEDES,CLASE C,Private,ICE,Gasolina/Electrico Enchufable,KKL,FOCUS SEGMENT,M Performance,SEDAN,No Renting,1
2023,07,MERCEDES,CLASE C,Private,ICE,Gasolina/Electrico Enchufable,KKL,FOCUS SEGMENT,Standard,SEDAN,No Renting,2
2023,07,MERCEDES,CLASE C,Private,PHEV,Gasolina/Electrico Enchufable,KKL,FOCUS SEGMENT,Standard,ESTATE,No Renting,4
2023,07,MERCEDES,CLASE C,RAC,ICE,Diesel,KKL,FOCUS SEGMENT,Standard,ESTATE,No Renting,1
2023,07,MERCEDES,CLASE C,RAC,ICE,Diesel,KKL,FOCUS SEGMENT,Standard,ESTATE,Renting,13
2023,07,MERCEDES,CLASE C,RAC,ICE,Diesel,KKL,FOCUS SEGMENT,Standard,SEDAN,Renting,3
2023,07,MERCEDES,CLASE C,RAC,ICE,Gasolina,KKL,FOCUS SEGMENT,Standard,ESTATE,Renting,4
2023,07,MERCEDES,CLASE CLA,Corporate,ICE,Diesel,UKL2,FOCUS SEGMENT,Standard,ESTATE,No Renting,60
2023,07,MERCEDES,CLASE CLA,Corporate,ICE,Diesel,UKL2,FOCUS SEGMENT,Standard,ESTATE,Renting,16
2023,07,MERCEDES,CLASE CLA,Corporate,ICE,Gasolina,UKL2,FOCUS SEGMENT,Standard,ESTATE,No Renting,18
2023,07,MERCEDES,CLASE CLA,Corporate,ICE,Gasolina,UKL2,FOCUS SEGMENT,Standard,ESTATE,Renting,8
2023,07,MERCEDES,CLASE CLA,Corporate,ICE,Gasolina,UKL2,FOCUS SEGMENT,Standard,SEDAN,No Renting,16
2023,07,MERCEDES,CLASE CLA,Corporate,ICE,Gasolina,UKL2,FOCUS SEGMENT,Standard,SEDAN,Renting,5
2023,07,MERCEDES,CLASE CLA,Corporate,ICE,Gasolina/Electrico Enchufable,UKL2,FOCUS SEGMENT,M,SEDAN,No Renting,2
2023,07,MERCEDES,CLASE CLA,Corporate,ICE,Gasolina/Electrico Enchufable,UKL2,FOCUS SEGMENT,M,SEDAN,Renting,1
2023,07,MERCEDES,CLASE CLA,Corporate,ICE,Gasolina/Electrico Enchufable,UKL2,FOCUS SEGMENT,M Performance,SEDAN,Renting,1
2023,07,MERCEDES,CLASE CLA,Corporate,PHEV,Gasolina/Electrico Enchufable,UKL2,FOCUS SEGMENT,Standard,SEDAN,No Renting,19
2023,07,MERCEDES,CLASE CLA,Corporate,PHEV,Gasolina/Electrico Enchufable,UKL2,FOCUS SEGMENT,Standard,SEDAN,Renting,17
2023,07,MERCEDES,CLASE CLA,Private,ICE,Diesel,UKL2,FOCUS SEGMENT,Standard,ESTATE,No Renting,15
2023,07,MERCEDES,CLASE CLA,Private,ICE,Gasolina,UKL2,FOCUS SEGMENT,Standard,ESTATE,No Renting,26
2023,07,MERCEDES,CLASE CLA,Private,ICE,Gasolina,UKL2,FOCUS SEGMENT,Standard,SEDAN,No Renting,24
2023,07,MERCEDES,CLASE CLA,Private,ICE,Gasolina/Electrico Enchufable,UKL2,FOCUS SEGMENT,M Performance,SEDAN,No Renting,1
2023,07,MERCEDES,CLASE CLA,Private,PHEV,Gasolina/Electrico Enchufable,UKL2,FOCUS SEGMENT,Standard,SEDAN,No Renting,11
2023,07,MERCEDES,CLASE CLA,RAC,ICE,Diesel,UKL2,FOCUS SEGMENT,Standard,ESTATE,Renting,63
2023,07,MERCEDES,CLASE CLA,RAC,ICE,Gasolina,UKL2,FOCUS SEGMENT,Standard,SEDAN,No Renting,1
2023,07,MERCEDES,CLASE CLS,Corporate,ICE,Diesel,MKL,FOCUS SEGMENT,Standard,SEDAN,No Renting,4
2023,07,MERCEDES,CLASE CLS,Corporate,ICE,Diesel,MKL,FOCUS SEGMENT,Standard,SEDAN,Renting,1
2023,07,MERCEDES,CLASE CLS,Corporate,ICE,Gasolina,MKL,FOCUS SEGMENT,Standard,SEDAN,No Renting,1
2023,07,MERCEDES,CLASE CLS,Private,ICE,Diesel,MKL,FOCUS SEGMENT,Standard,SEDAN,No Renting,1
2023,07,MERCEDES,CLASE E,Corporate,ICE,Diesel,MKL,FOCUS SEGMENT,Standard,COUPE,Renting,1
2023,07,MERCEDES,CLASE E,Corporate,ICE,Diesel,MKL,FOCUS SEGMENT,Standard,SEDAN,No Renting,12
2023,07,MERCEDES,CLASE E,Corporate,ICE,Diesel,MKL,FOCUS SEGMENT,Standard,SEDAN,Renting,3
2023,07,MERCEDES,CLASE E,Corporate,ICE,Gasolina,MKL,FOCUS SEGMENT,Standard,COUPE,No Renting,1
2023,07,MERCEDES,CLASE E,Corporate,ICE,Gasolina,MKL,FOCUS SEGMENT,Standard,ESTATE,No Renting,1
2023,07,MERCEDES,CLASE E,Corporate,ICE,Gasolina,MKL,FOCUS SEGMENT,Standard,SEDAN,No Renting,1
2023,07,MERCEDES,CLASE E,Private,ICE,Diesel,MKL,FOCUS SEGMENT,Standard,SEDAN,No Renting,11
2023,07,MERCEDES,CLASE E,Private,ICE,Gasolina,MKL,FOCUS SEGMENT,Standard,SEDAN,No Renting,1
2023,07,MERCEDES,CLASE E,Private,ICE,Gasolina/Electrico Enchufable,MKL,FOCUS SEGMENT,Standard,ESTATE,No Renting,1
2023,07,MERCEDES,CLASE E,RAC,ICE,Diesel,MKL,FOCUS SEGMENT,Standard,SEDAN,No Renting,1
2023,07,MERCEDES,CLASE G,Corporate,ICE,Diesel,GKL,FOCUS SEGMENT,Standard,SAV,No Renting,4
2023,07,MERCEDES,CLASE G,Corporate,ICE,Gasolina,GKL,FOCUS SEGMENT,Standard,SAV,No Renting,3
2023,07,MERCEDES,CLASE G,Corporate,ICE,Gasolina,GKL,FOCUS SEGMENT,Standard,SAV,Renting,1
2023,07,MERCEDES,CLASE G,Corporate,ICE,Gasolina Mild Hybrid,GKL,FOCUS SEGMENT,M,SAV,No Renting,6
2023,07,MERCEDES,CLASE G,Private,ICE,Diesel,GKL,FOCUS SEGMENT,Standard,SAV,No Renting,2
2023,07,MERCEDES,CLASE G,Private,ICE,Gasolina,GKL,FOCUS SEGMENT,Standard,SAV,No Renting,2
2023,07,MERCEDES,CLASE G,Private,ICE,Gasolina Mild Hybrid,GKL,FOCUS SEGMENT,M,SAV,No Renting,2
2023,07,MERCEDES,CLASE G,RAC,ICE,Gasolina Mild Hybrid,GKL,FOCUS SEGMENT,M,SAV,Renting,1
2023,07,MERCEDES,CLASE GLA,Corporate,ICE,Diesel,UKL2,FOCUS SEGMENT,Standard,SAV,No Renting,88
2023,07,MERCEDES,CLASE GLA,Corporate,ICE,Diesel,UKL2,FOCUS SEGMENT,Standard,SAV,Renting,120
2023,07,MERCEDES,CLASE GLA,Corporate,ICE,Gasolina,UKL2,FOCUS SEGMENT,Standard,SAV,No Renting,13
2023,07,MERCEDES,CLASE GLA,Corporate,ICE,Gasolina,UKL2,FOCUS SEGMENT,Standard,SAV,Renting,29
2023,07,MERCEDES,CLASE GLA,Corporate,ICE,Gasolina/Electrico Enchufable,UKL2,FOCUS SEGMENT,M,SAV,Renting,1
2023,07,MERCEDES,CLASE GLA,Corporate,ICE,Gasolina/Electrico Enchufable,UKL2,FOCUS SEGMENT,M Performance,SAV,No Renting,3
2023,07,MERCEDES,CLASE GLA,Corporate,PHEV,Gasolina/Electrico Enchufable,UKL2,FOCUS SEGMENT,Standard,SAV,No Renting,25
2023,07,MERCEDES,CLASE GLA,Corporate,PHEV,Gasolina/Electrico Enchufable,UKL2,FOCUS SEGMENT,Standard,SAV,Renting,26
2023,07,MERCEDES,CLASE GLA,Private,ICE,Diesel,UKL2,FOCUS SEGMENT,Standard,SAV,No Renting,102
2023,07,MERCEDES,CLASE GLA,Private,ICE,Gasolina,UKL2,FOCUS SEGMENT,Standard,SAV,No Renting,92
2023,07,MERCEDES,CLASE GLA,Private,ICE,Gasolina/Electrico Enchufable,UKL2,FOCUS SEGMENT,M,SAV,No Renting,1
2023,07,MERCEDES,CLASE GLA,Private,ICE,Gasolina/Electrico Enchufable,UKL2,FOCUS SEGMENT,M Performance,SAV,No Renting,1
2023,07,MERCEDES,CLASE GLA,Private,PHEV,Gasolina/Electrico Enchufable,UKL2,FOCUS SEGMENT,Standard,SAV,No Renting,19
2023,07,MERCEDES,CLASE GLA,RAC,ICE,Diesel,UKL2,FOCUS SEGMENT,Standard,SAV,No Renting,1
2023,07,MERCEDES,CLASE GLA,RAC,ICE,Gasolina,UKL2,FOCUS SEGMENT,Standard,SAV,No Renting,5
2023,07,MERCEDES,CLASE GLB,Corporate,ICE,Diesel,UKL2,FOCUS SEGMENT,Standard,SAV,No Renting,35
2023,07,MERCEDES,CLASE GLB,Corporate,ICE,Diesel,UKL2,FOCUS SEGMENT,Standard,SAV,Renting,95
2023,07,MERCEDES,CLASE GLB,Corporate,ICE,Gasolina,UKL2,FOCUS SEGMENT,Standard,SAV,No Renting,3
2023,07,MERCEDES,CLASE GLB,Corporate,ICE,Gasolina,UKL2,FOCUS SEGMENT,Standard,SAV,Renting,6
2023,07,MERCEDES,CLASE GLB,Corporate,ICE,Gasolina Mild Hybrid,UKL2,FOCUS SEGMENT,M Performance,SAV,No Renting,1
2023,07,MERCEDES,CLASE GLB,Corporate,ICE,Gasolina Mild Hybrid,UKL2,FOCUS SEGMENT,Standard,SAV,No Renting,24
2023,07,MERCEDES,CLASE GLB,Corporate,ICE,Gasolina Mild Hybrid,UKL2,FOCUS SEGMENT,Standard,SAV,Renting,35
2023,07,MERCEDES,CLASE GLB,Private,ICE,Diesel,UKL2,FOCUS SEGMENT,Standard,SAV,No Renting,23
2023,07,MERCEDES,CLASE GLB,Private,ICE,Gasolina,UKL2,FOCUS SEGMENT,Standard,SAV,No Renting,5
2023,07,MERCEDES,CLASE GLB,Private,ICE,Gasolina Mild Hybrid,UKL2,FOCUS SEGMENT,Standard,SAV,No Renting,8
2023,07,MERCEDES,CLASE GLB,RAC,ICE,Diesel,UKL2,FOCUS SEGMENT,Standard,SAV,No Renting,1
2023,07,MERCEDES,CLASE GLB,RAC,ICE,Gasolina Mild Hybrid,UKL2,FOCUS SEGMENT,Standard,SAV,Renting,1
2023,07,MERCEDES,CLASE GLC,Corporate,ICE,Diesel,KKL,FOCUS SEGMENT,Standard,SAV,No Renting,131
2023,07,MERCEDES,CLASE GLC,Corporate,ICE,Diesel,KKL,FOCUS SEGMENT,Standard,SAV,Renting,128
2023,07,MERCEDES,CLASE GLC,Corporate,ICE,Gasolina,KKL,FOCUS SEGMENT,Standard,SAV,No Renting,19
2023,07,MERCEDES,CLASE GLC,Corporate,ICE,Gasolina,KKL,FOCUS SEGMENT,Standard,SAV,Renting,28
2023,07,MERCEDES,CLASE GLC,Corporate,PHEV,Diesel/Electrico Enchufable,KKL,FOCUS SEGMENT,Standard,SAV,No Renting,40
2023,07,MERCEDES,CLASE GLC,Corporate,PHEV,Diesel/Electrico Enchufable,KKL,FOCUS SEGMENT,Standard,SAV,Renting,26
2023,07,MERCEDES,CLASE GLC,Corporate,PHEV,Gasolina/Electrico Enchufable,KKL,FOCUS SEGMENT,Standard,SAV,No Renting,31
2023,07,MERCEDES,CLASE GLC,Corporate,PHEV,Gasolina/Electrico Enchufable,KKL,FOCUS SEGMENT,Standard,SAV,Renting,68
2023,07,MERCEDES,CLASE GLC,Private,ICE,Diesel,KKL,FOCUS SEGMENT,Standard,SAV,No Renting,108
2023,07,MERCEDES,CLASE GLC,Private,ICE,Gasolina,KKL,FOCUS SEGMENT,Standard,SAV,No Renting,37
2023,07,MERCEDES,CLASE GLC,Private,PHEV,Diesel/Electrico Enchufable,KKL,FOCUS SEGMENT,Standard,SAV,No Renting,11
2023,07,MERCEDES,CLASE GLC,Private,PHEV,Gasolina/Electrico Enchufable,KKL,FOCUS SEGMENT,Standard,SAV,No Renting,34
2023,07,MERCEDES,CLASE GLE,Corporate,ICE,Diesel,MKL,FOCUS SEGMENT,Standard,SAV,No Renting,55
2023,07,MERCEDES,CLASE GLE,Corporate,ICE,Diesel,MKL,FOCUS SEGMENT,Standard,SAV,Renting,38
2023,07,MERCEDES,CLASE GLE,Corporate,ICE,Gasolina,MKL,FOCUS SEGMENT,Standard,SAV,No Renting,1
2023,07,MERCEDES,CLASE GLE,Corporate,ICE,Gasolina/Electrico Enchufable,MKL,FOCUS SEGMENT,M,SAV,No Renting,1
2023,07,MERCEDES,CLASE GLE,Corporate,ICE,Gasolina/Electrico Enchufable,MKL,FOCUS SEGMENT,M Performance,SAV,No Renting,4
2023,07,MERCEDES,CLASE GLE,Corporate,ICE,Gasolina/Electrico Enchufable,MKL,FOCUS SEGMENT,M Performance,SAV,Renting,1
2023,07,MERCEDES,CLASE GLE,Corporate,PHEV,Diesel/Electrico Enchufable,MKL,FOCUS SEGMENT,Standard,SAV,No Renting,16
2023,07,MERCEDES,CLASE GLE,Corporate,PHEV,Diesel/Electrico Enchufable,MKL,FOCUS SEGMENT,Standard,SAV,Renting,20
2023,07,MERCEDES,CLASE GLE,Corporate,PHEV,Gasolina/Electrico Enchufable,MKL,FOCUS SEGMENT,Standard,SAV,No Renting,3
2023,07,MERCEDES,CLASE GLE,Corporate,PHEV,Gasolina/Electrico Enchufable,MKL,FOCUS SEGMENT,Standard,SAV,Renting,6
2023,07,MERCEDES,CLASE GLE,Private,ICE,Diesel,MKL,FOCUS SEGMENT,Standard,SAV,No Renting,28
2023,07,MERCEDES,CLASE GLE,Private,ICE,Gasolina,MKL,FOCUS SEGMENT,Standard,SAV,No Renting,1
2023,07,MERCEDES,CLASE GLE,Private,ICE,Gasolina/Electrico Enchufable,MKL,FOCUS SEGMENT,M Performance,SAV,No Renting,1
2023,07,MERCEDES,CLASE GLE,Private,PHEV,Diesel/Electrico Enchufable,MKL,FOCUS SEGMENT,Standard,SAV,No Renting,1
2023,07,MERCEDES,CLASE GLE,Private,PHEV,Gasolina/Electrico Enchufable,MKL,FOCUS SEGMENT,Standard,SAV,No Renting,3
2023,07,MERCEDES,CLASE GLE,RAC,ICE,Diesel,MKL,FOCUS SEGMENT,Standard,SAV,No Renting,4
2023,07,MERCEDES,CLASE GLS,Corporate,ICE,Gasolina Mild Hybrid,GKL,FOCUS SEGMENT,Standard,SAV,No Renting,1
2023,07,MERCEDES,CLASE GLS,Corporate,ICE,Gasolina Mild Hybrid,GKL,FOCUS SEGMENT,Standard,SAV,Renting,1
2023,07,MERCEDES,CLASE GLS,RAC,ICE,Diesel,GKL,FOCUS SEGMENT,Standard,SAV,No Renting,1
2023,07,MERCEDES,CLASE S,Corporate,ICE,Diesel,GKL,FOCUS SEGMENT,Standard,SEDAN,No Renting,5
2023,07,MERCEDES,CLASE S,Corporate,ICE,Gasolina,GKL,FOCUS SEGMENT,Standard,SEDAN,No Renting,2
2023,07,MERCEDES,CLASE S,Corporate,ICE,Gasolina/Electrico Enchufable,GKL,FOCUS SEGMENT,Standard,SEDAN,No Renting,4
2023,07,MERCEDES,CLASE S,Corporate,ICE,Gasolina/Electrico Enchufable,GKL,FOCUS SEGMENT,Standard,SEDAN,Renting,2
2023,07,MERCEDES,CLASE S,Corporate,PHEV,Gasolina/Electrico Enchufable,GKL,FOCUS SEGMENT,M Performance,SEDAN,No Renting,1
2023,07,MERCEDES,CLASE S,Corporate,PHEV,Gasolina/Electrico Enchufable,GKL,FOCUS SEGMENT,Standard,SEDAN,No Renting,1
2023,07,MERCEDES,CLASE S,Corporate,PHEV,Gasolina/Electrico Enchufable,GKL,FOCUS SEGMENT,Standard,SEDAN,Renting,2
2023,07,MERCEDES,CLASE SL,Private,ICE,Gasolina Mild Hybrid,GKL,FOCUS SEGMENT,M,ROADSTER,No Renting,1
2023,07,MERCEDES,CLASE SL,Private,ICE,Gasolina Mild Hybrid,GKL,FOCUS SEGMENT,M Performance,ROADSTER,No Renting,1
2023,07,MERCEDES,CLASE T,Corporate,ICE,Gasolina,SKL,REST,Standard,TRANSPORTER,No Renting,35
2023,07,MERCEDES,CLASE T,Corporate,ICE,Gasolina,SKL,REST,Standard,TRANSPORTER,Renting,3
2023,07,MERCEDES,CLASE T,Private,ICE,Gasolina,SKL,REST,Standard,TRANSPORTER,No Renting,19
2023,07,MERCEDES,CLASE T,RAC,ICE,Gasolina,SKL,REST,Standard,TRANSPORTER,No Renting,47
2023,07,MERCEDES,CLASE T,RAC,ICE,Gasolina,SKL,REST,Standard,TRANSPORTER,Renting,5
2023,07,MERCEDES,CLASE V,Corporate,ICE,Gasolina Mild Hybrid,MKL,REST,Standard,MPV,No Renting,79
2023,07,MERCEDES,CLASE V,Corporate,ICE,Gasolina Mild Hybrid,MKL,REST,Standard,MPV,Renting,28
2023,07,MERCEDES,CLASE V,Private,ICE,Gasolina Mild Hybrid,MKL,REST,Standard,MPV,No Renting,30
2023,07,MERCEDES,CLASE V,RAC,ICE,Gasolina Mild Hybrid,MKL,REST,Standard,MPV,No Renting,9
2023,07,MERCEDES,CLASE V,RAC,ICE,Gasolina Mild Hybrid,MKL,REST,Standard,MPV,Renting,27
2023,07,MERCEDES,E-SPRINTER,Corporate,BEV,Electrico,SKL,REST,Standard,TRANSPORTER,No Renting,1
2023,07,MERCEDES,ECITAN,Corporate,BEV,Electrico,SKL,REST,Standard,TRANSPORTER,No Renting,4
2023,07,MERCEDES,EQA,Corporate,BEV,Electrico,UKL2,FOCUS SEGMENT,Standard,SAV,No Renting,28
2023,07,MERCEDES,EQA,Corporate,BEV,Electrico,UKL2,FOCUS SEGMENT,Standard,SAV,Renting,20
2023,07,MERCEDES,EQA,Private,BEV,Electrico,UKL2,FOCUS SEGMENT,Standard,SAV,No Renting,21
2023,07,MERCEDES,EQA,RAC,BEV,Electrico,UKL2,FOCUS SEGMENT,Standard,SAV,Renting,2
2023,07,MERCEDES,EQB,Corporate,BEV,Electrico,UKL2,FOCUS SEGMENT,Standard,SAV,No Renting,33
2023,07,MERCEDES,EQB,Corporate,BEV,Electrico,UKL2,FOCUS SEGMENT,Standard,SAV,Renting,8
2023,07,MERCEDES,EQB,Private,BEV,Electrico,UKL2,FOCUS SEGMENT,Standard,SAV,No Renting,11
2023,07,MERCEDES,EQB,RAC,BEV,Electrico,UKL2,FOCUS SEGMENT,Standard,SAV,Renting,2
2023,07,MERCEDES,EQC,Corporate,BEV,Electrico,KKL,FOCUS SEGMENT,Standard,SAV,No Renting,3
2023,07,MERCEDES,EQC,Corporate,BEV,Electrico,KKL,FOCUS SEGMENT,Standard,SAV,Renting,1
2023,07,MERCEDES,EQE,Corporate,BEV,Electrico,MKL,FOCUS SEGMENT,M Performance,SEDAN,No Renting,4
2023,07,MERCEDES,EQE,Corporate,BEV,Electrico,MKL,FOCUS SEGMENT,M Performance,SEDAN,Renting,2
2023,07,MERCEDES,EQE,Corporate,BEV,Electrico,MKL,FOCUS SEGMENT,Standard,SAV,No Renting,12
2023,07,MERCEDES,EQE,Corporate,BEV,Electrico,MKL,FOCUS SEGMENT,Standard,SAV,Renting,3
2023,07,MERCEDES,EQE,Corporate,BEV,Electrico,MKL,FOCUS SEGMENT,Standard,SEDAN,No Renting,10
2023,07,MERCEDES,EQE,Corporate,BEV,Electrico,MKL,FOCUS SEGMENT,Standard,SEDAN,Renting,5
2023,07,MERCEDES,EQE,Private,BEV,Electrico,MKL,FOCUS SEGMENT,Standard,SAV,No Renting,1
2023,07,MERCEDES,EQE,Private,BEV,Electrico,MKL,FOCUS SEGMENT,Standard,SEDAN,No Renting,5
2023,07,MERCEDES,EQE,RAC,BEV,Electrico,MKL,FOCUS SEGMENT,Standard,SEDAN,Renting,27
2023,07,MERCEDES,EQS,Corporate,BEV,Electrico,GKL,FOCUS SEGMENT,Standard,SAV,No Renting,3
2023,07,MERCEDES,EQS,Corporate,BEV,Electrico,GKL,FOCUS SEGMENT,Standard,SAV,Renting,2
2023,07,MERCEDES,EQS,Corporate,BEV,Electrico,GKL,FOCUS SEGMENT,Standard,SEDAN,No Renting,11
2023,07,MERCEDES,EQS,Private,BEV,Electrico,GKL,FOCUS SEGMENT,Standard,SEDAN,No Renting,1
2023,07,MERCEDES,EQV,Corporate,BEV,Electrico,MKL,REST,Standard,MPV,No Renting,4
2023,07,MERCEDES,EQV,Private,BEV,Electrico,MKL,REST,Standard,MPV,No Renting,1
2023,07,MERCEDES,EVITO,Corporate,BEV,Electrico,SKL,REST,Standard,TRANSPORTER,No Renting,4
2023,07,MERCEDES,EVITO,Corporate,BEV,Electrico,SKL,REST,Standard,TRANSPORTER,Renting,2
2023,07,MERCEDES,EVITO,Private,BEV,Electrico,SKL,REST,Standard,TRANSPORTER,No Renting,1
2023,07,MERCEDES,M. P. ACTIVITY 200 D,Corporate,ICE,Diesel,,REST,Standard,,No Renting,3
2023,07,MERCEDES,M. P. ACTIVITY 200 D,Private,ICE,Diesel,,REST,Standard,,No Renting,3
2023,07,MERCEDES,M. P. ACTIVITY 220 D,Private,ICE,Diesel,,REST,Standard,,No Renting,2
2023,07,MERCEDES,M. P. ACTIVITY 250 D,Corporate,ICE,Diesel,,REST,Standard,,No Renting,1
2023,07,MERCEDES,M. P. HORIZON 220 D,Corporate,ICE,Diesel,,REST,Standard,,No Renting,2
2023,07,MERCEDES,M. P. HORIZON 220 D,Private,ICE,Diesel,,REST,Standard,,No Renting,1
2023,07,MERCEDES,M. P. HORIZON 250 D,Corporate,ICE,Diesel,,REST,Standard,,No Renting,2
2023,07,MERCEDES,M. P. HORIZON 250 D,Private,ICE,Diesel,,REST,Standard,,No Renting,1
2023,07,MERCEDES,MARCO POLO,Corporate,ICE,Diesel,SKL,REST,Standard,TRANSPORTER,No Renting,4
2023,07,MERCEDES,MARCO POLO,Private,ICE,Diesel,SKL,REST,Standard,TRANSPORTER,No Renting,2
2023,07,MERCEDES,MARCO POLO,RAC,ICE,Diesel,SKL,REST,Standard,TRANSPORTER,No Renting,1
2023,07,MERCEDES,SPRINTER 300,Corporate,ICE,Diesel,SKL,REST,Standard,TRANSPORTER,No Renting,176
2023,07,MERCEDES,SPRINTER 300,Corporate,ICE,Diesel,SKL,REST,Standard,TRANSPORTER,Renting,35
2023,07,MERCEDES,SPRINTER 300,Private,ICE,Diesel,SKL,REST,Standard,TRANSPORTER,No Renting,112
2023,07,MERCEDES,SPRINTER 300,RAC,ICE,Diesel,SKL,REST,Standard,TRANSPORTER,No Renting,51
2023,07,MERCEDES,SPRINTER 300,RAC,ICE,Diesel,SKL,REST,Standard,TRANSPORTER,Renting,35
2023,07,MERCEDES-V,T21-FUN-MBVITO,Corporate,ICE,Diesel,,REST,Standard,,No Renting,4
2023,07,MERCEDES-V,T21-FUN-MBVITO,RAC,BEV,Electrico,,REST,Standard,,Renting,3
2023,07,MERCEDES-V,VITO,Corporate,ICE,Diesel,SKL,REST,Standard,TRANSPORTER,No Renting,69
2023,07,MERCEDES-V,VITO,Corporate,ICE,Diesel,SKL,REST,Standard,TRANSPORTER,Renting,11
2023,07,MERCEDES-V,VITO,Private,ICE,Diesel,SKL,REST,Standard,TRANSPORTER,No Renting,26
2023,07,MERCEDES-V,VITO,RAC,ICE,Diesel,SKL,REST,Standard,TRANSPORTER,No Renting,12
2023,07,MERCEDES-V,VITO,RAC,ICE,Diesel,SKL,REST,Standard,TRANSPORTER,Renting,7
2023,07,MG,EHS,Corporate,PHEV,Gasolina/Electrico Enchufable,KKL,REST,Standard,SAV,No Renting,21
2023,07,MG,EHS,Corporate,PHEV,Gasolina/Electrico Enchufable,KKL,REST,Standard,SAV,Renting,2
2023,07,MG,EHS,Private,PHEV,Gasolina/Electrico Enchufable,KKL,REST,Standard,SAV,No Renting,79
2023,07,MG,HS,Corporate,ICE,Gasolina/Electrico Enchufable,KKL,REST,Standard,SAV,No Renting,27
2023,07,MG,HS,Private,ICE,Gasolina/Electrico Enchufable,KKL,REST,Standard,SAV,No Renting,395
2023,07,MG,HS,RAC,ICE,Gasolina/Electrico Enchufable,KKL,REST,Standard,SAV,No Renting,92
2023,07,MG,HS,RAC,ICE,Gasolina/Electrico Enchufable,KKL,REST,Standard,SAV,Renting,7
2023,07,MG,MARVEL R,Corporate,BEV,Electrico,UKL2,REST,Standard,SAV,No Renting,3
2023,07,MG,MARVEL R,Private,BEV,Electrico,UKL2,REST,Standard,SAV,No Renting,22
2023,07,MG,MG 4,Corporate,BEV,Electrico,UKL2,REST,Standard,HACH 5P,No Renting,21
2023,07,MG,MG 4,Corporate,BEV,Electrico,UKL2,REST,Standard,HACH 5P,Renting,11
2023,07,MG,MG 4,Private,BEV,Electrico,UKL2,REST,Standard,HACH 5P,No Renting,254
2023,07,MG,MG 5,Corporate,BEV,Electrico,UKL2,REST,Standard,ESTATE,No Renting,1
2023,07,MG,MG 5,Private,BEV,Electrico,UKL2,REST,Standard,ESTATE,No Renting,1
2023,07,MG,ZS,Corporate,BEV,Gasolina/Electrico,UKL1,REST,Standard,SAV,No Renting,4
2023,07,MG,ZS,Corporate,BEV,Gasolina/Electrico,UKL1,REST,Standard,SAV,Renting,1
2023,07,MG,ZS,Corporate,ICE,Gasolina/Electrico,UKL1,REST,Standard,SAV,No Renting,38
2023,07,MG,ZS,Private,BEV,Gasolina/Electrico,UKL1,REST,Standard,SAV,No Renting,49
2023,07,MG,ZS,Private,ICE,Gasolina/Electrico,UKL1,REST,Standard,SAV,No Renting,1298
2023,07,MG,ZS,RAC,ICE,Gasolina/Electrico,UKL1,REST,Standard,SAV,No Renting,266
2023,07,MG,ZS,RAC,ICE,Gasolina/Electrico,UKL1,REST,Standard,SAV,Renting,3
2023,07,MINI,CLUBMAN,Corporate,ICE,Diesel,UKL2,FOCUS SEGMENT,Standard,ESTATE,No Renting,4
2023,07,MINI,CLUBMAN,Corporate,ICE,Diesel,UKL2,FOCUS SEGMENT,Standard,ESTATE,Renting,2
2023,07,MINI,CLUBMAN,Private,ICE,Diesel,UKL2,FOCUS SEGMENT,JCW,ESTATE,No Renting,1
2023,07,MINI,CLUBMAN,Private,ICE,Diesel,UKL2,FOCUS SEGMENT,Standard,ESTATE,No Renting,9
2023,07,MINI,COUNTRYMAN,Corporate,ICE,Electrico,UKL2,FOCUS SEGMENT,JCW,SAV,No Renting,2
2023,07,MINI,COUNTRYMAN,Corporate,ICE,Electrico,UKL2,FOCUS SEGMENT,Standard,SAV,No Renting,24
2023,07,MINI,COUNTRYMAN,Corporate,ICE,Electrico,UKL2,FOCUS SEGMENT,Standard,SAV,Renting,75
2023,07,MINI,COUNTRYMAN,Corporate,PHEV,Electrico,UKL2,FOCUS SEGMENT,Standard,SAV,No Renting,21
2023,07,MINI,COUNTRYMAN,Corporate,PHEV,Electrico,UKL2,FOCUS SEGMENT,Standard,SAV,Renting,20
2023,07,MINI,COUNTRYMAN,Private,ICE,Electrico,UKL2,FOCUS SEGMENT,JCW,SAV,No Renting,3
2023,07,MINI,COUNTRYMAN,Private,ICE,Electrico,UKL2,FOCUS SEGMENT,Standard,SAV,No Renting,51
2023,07,MINI,COUNTRYMAN,Private,PHEV,Electrico,UKL2,FOCUS SEGMENT,Standard,SAV,No Renting,34
2023,07,MINI,COUNTRYMAN,RAC,ICE,Electrico,UKL2,FOCUS SEGMENT,Standard,SAV,No Renting,1
2023,07,MINI,HATCHBACK,Corporate,BEV,Electrico,UKL1,FOCUS SEGMENT,Standard,HACH 3P,No Renting,21
2023,07,MINI,HATCHBACK,Corporate,BEV,Electrico,UKL1,FOCUS SEGMENT,Standard,HACH 3P,Renting,30
2023,07,MINI,HATCHBACK,Corporate,ICE,Electrico,UKL1,FOCUS SEGMENT,JCW,HACH 3P,No Renting,8
2023,07,MINI,HATCHBACK,Corporate,ICE,Electrico,UKL1,FOCUS SEGMENT,JCW,HACH 3P,Renting,1
2023,07,MINI,HATCHBACK,Corporate,ICE,Electrico,UKL1,FOCUS SEGMENT,Standard,HACH 3P,No Renting,77
2023,07,MINI,HATCHBACK,Corporate,ICE,Electrico,UKL1,FOCUS SEGMENT,Standard,HACH 3P,Renting,50
2023,07,MINI,HATCHBACK,Private,BEV,Electrico,UKL1,FOCUS SEGMENT,Standard,HACH 3P,No Renting,47
2023,07,MINI,HATCHBACK,Private,ICE,Electrico,UKL1,FOCUS SEGMENT,JCW,HACH 3P,No Renting,7
2023,07,MINI,HATCHBACK,Private,ICE,Electrico,UKL1,FOCUS SEGMENT,Standard,HACH 3P,No Renting,167
2023,07,MINI,HATCHBACK,RAC,ICE,Electrico,UKL1,FOCUS SEGMENT,Standard,HACH 3P,No Renting,12
2023,07,MINI,HATCHBACK,RAC,ICE,Electrico,UKL1,FOCUS SEGMENT,Standard,HACH 3P,Renting,11
2023,07,MITSUBISHI,ASX,Corporate,ICE,Gasolina/Electrico,UKL2,REST,Standard,SAV,No Renting,42
2023,07,MITSUBISHI,ASX,Corporate,ICE,Gasolina/Electrico,UKL2,REST,Standard,SAV,Renting,1
2023,07,MITSUBISHI,ASX,Corporate,PHEV,Gasolina/Electrico,UKL2,REST,Standard,SAV,No Renting,5
2023,07,MITSUBISHI,ASX,Private,ICE,Gasolina/Electrico,UKL2,REST,Standard,SAV,No Renting,109
2023,07,MITSUBISHI,ASX,RAC,ICE,Gasolina/Electrico,UKL2,REST,Standard,SAV,Renting,2
2023,07,MITSUBISHI,ECLIPSE CROSS,Corporate,PHEV,Gasolina/Electrico Enchufable,UKL2,REST,Standard,SAV,No Renting,114
2023,07,MITSUBISHI,ECLIPSE CROSS,Corporate,PHEV,Gasolina/Electrico Enchufable,UKL2,REST,Standard,SAV,Renting,15
2023,07,MITSUBISHI,ECLIPSE CROSS,Private,PHEV,Gasolina/Electrico Enchufable,UKL2,REST,Standard,SAV,No Renting,21
2023,07,MITSUBISHI,SPACE STAR,Corporate,ICE,Gasolina,UKL1,REST,Standard,HACH 5P,No Renting,14
2023,07,MITSUBISHI,SPACE STAR,Corporate,ICE,Gasolina,UKL1,REST,Standard,HACH 5P,Renting,2
2023,07,MITSUBISHI,SPACE STAR,Private,ICE,Gasolina,UKL1,REST,Standard,HACH 5P,No Renting,36
2023,07,MITSUBISHI,SPACE STAR,RAC,ICE,Gasolina,UKL1,REST,Standard,HACH 5P,No Renting,6
2023,07,MITSUBISHI-FUSO,CANTER,Corporate,ICE,Electrico,SKL,REST,Standard,TRANSPORTER,No Renting,79
2023,07,MITSUBISHI-FUSO,CANTER,Private,ICE,Electrico,SKL,REST,Standard,TRANSPORTER,No Renting,3
2023,07,MITSUBISHI-FUSO,CANTER,RAC,ICE,Electrico,SKL,REST,Standard,TRANSPORTER,No Renting,9
2023,07,MITSUBISHI-FUSO,CANTER,RAC,ICE,Electrico,SKL,REST,Standard,TRANSPORTER,Renting,2
2023,07,MITSUBISHI-FUSO,CBT 440,Corporate,ICE,Diesel,,REST,Standard,,No Renting,1
2023,07,MITSUBISHI-FUSO,MK1 3TYBFECX,Corporate,ICE,Diesel,,REST,Standard,,No Renting,1
2023,07,MONCAR EUROPA,TRANSIT,Corporate,ICE,Diesel,,REST,Standard,,No Renting,1
2023,07,MOVEX,N/A,Corporate,ICE,Diesel,,REST,Standard,,No Renting,1
2023,07,MULTITEL,ISUZU MULTITEL,Corporate,ICE,Diesel,,REST,Standard,,No Renting,1
2023,07,NEXTEM,NEXTEM,Corporate,BEV,Electrico,,REST,Standard,,Renting,2
2023,07,NISSAN,370Z,Corporate,ICE,Gasolina,,REST,Standard,,No Renting,1
2023,07,NISSAN,ARIYA,Corporate,BEV,Electrico,UKL2,REST,Standard,SAV,No Renting,2
2023,07,NISSAN,ARIYA,Private,BEV,Electrico,UKL2,REST,Standard,SAV,No Renting,5
2023,07,NISSAN,INTERSTAR,Corporate,ICE,Diesel,SKL,REST,Standard,TRANSPORTER,No Renting,33
2023,07,NISSAN,INTERSTAR,Corporate,ICE,Diesel,SKL,REST,Standard,TRANSPORTER,Renting,1
2023,07,NISSAN,INTERSTAR,Private,ICE,Diesel,SKL,REST,Standard,TRANSPORTER,No Renting,7
2023,07,NISSAN,INTERSTAR,RAC,ICE,Diesel,SKL,REST,Standard,TRANSPORTER,No Renting,5
2023,07,NISSAN,JUKE,Corporate,ICE,Gasolina/Electrico,UKL1,REST,Standard,SAV,No Renting,53
2023,07,NISSAN,JUKE,Corporate,ICE,Gasolina/Electrico,UKL1,REST,Standard,SAV,Renting,35
2023,07,NISSAN,JUKE,Private,ICE,Gasolina/Electrico,UKL1,REST,Standard,SAV,No Renting,222
2023,07,NISSAN,JUKE,RAC,ICE,Gasolina/Electrico,UKL1,REST,Standard,SAV,No Renting,25
2023,07,NISSAN,JUKE,RAC,ICE,Gasolina/Electrico,UKL1,REST,Standard,SAV,Renting,26
2023,07,NISSAN,LEAF,Corporate,BEV,Electrico,UKL2,REST,Standard,HACH 5P,No Renting,19
2023,07,NISSAN,LEAF,Corporate,BEV,Electrico,UKL2,REST,Standard,HACH 5P,Renting,3
2023,07,NISSAN,PRIMASTAR,Corporate,ICE,Diesel,SKL,REST,Standard,TRANSPORTER,No Renting,29
2023,07,NISSAN,PRIMASTAR,Corporate,ICE,Diesel,SKL,REST,Standard,TRANSPORTER,Renting,14
2023,07,NISSAN,PRIMASTAR,Private,ICE,Diesel,SKL,REST,Standard,TRANSPORTER,No Renting,8
2023,07,NISSAN,PRIMASTAR,RAC,ICE,Diesel,SKL,REST,Standard,TRANSPORTER,No Renting,2
2023,07,NISSAN,QASHQAI,Corporate,ICE,Gasolina/Electrico,UKL2,REST,Standard,SAT,No Renting,171
2023,07,NISSAN,QASHQAI,Corporate,ICE,Gasolina/Electrico,UKL2,REST,Standard,SAT,Renting,585
2023,07,NISSAN,QASHQAI,Private,ICE,Gasolina/Electrico,UKL2,REST,Standard,SAT,No Renting,380
2023,07,NISSAN,QASHQAI,RAC,ICE,Gasolina/Electrico,UKL2,REST,Standard,SAT,No Renting,69
2023,07,NISSAN,TOWNSTAR,Corporate,BEV,Gasolina,SKL,REST,Standard,TRANSPORTER,No Renting,17
2023,07,NISSAN,TOWNSTAR,Corporate,BEV,Gasolina,SKL,REST,Standard,TRANSPORTER,Renting,4
2023,07,NISSAN,TOWNSTAR,Corporate,ICE,Gasolina,SKL,REST,Standard,TRANSPORTER,No Renting,33
2023,07,NISSAN,TOWNSTAR,Corporate,ICE,Gasolina,SKL,REST,Standard,TRANSPORTER,Renting,57
2023,07,NISSAN,TOWNSTAR,Private,ICE,Gasolina,SKL,REST,Standard,TRANSPORTER,No Renting,37
2023,07,NISSAN,TOWNSTAR,RAC,ICE,Gasolina,SKL,REST,Standard,TRANSPORTER,No Renting,19
2023,07,NISSAN,TOWNSTAR,RAC,ICE,Gasolina,SKL,REST,Standard,TRANSPORTER,Renting,6
2023,07,NISSAN,X-TRAIL,Corporate,ICE,Gasolina/Electrico,KKL,REST,Standard,SUV,No Renting,87
2023,07,NISSAN,X-TRAIL,Corporate,ICE,Gasolina/Electrico,KKL,REST,Standard,SUV,Renting,35
2023,07,NISSAN,X-TRAIL,Private,ICE,Gasolina/Electrico,KKL,REST,Standard,SUV,No Renting,112
2023,07,NISSAN,X-TRAIL,RAC,ICE,Gasolina/Electrico,KKL,REST,Standard,SUV,No Renting,3
2023,07,OIL&STEEL,RANGER,Corporate,ICE,Diesel,,REST,Standard,,No Renting,1
2023,07,OIL&STEEL,SNAKE 147,Corporate,ICE,Diesel,,REST,Standard,,No Renting,1
2023,07,OMODA,OMODA 5,Corporate,ICE,Gasolina/Electrico,UKL2,REST,Standard,SAV,No Renting,1
2023,07,OMODA,OMODA 5,Private,ICE,Gasolina/Electrico,UKL2,REST,Standard,SAV,No Renting,2
2023,07,OMODA,OMODA 5,RAC,ICE,Gasolina/Electrico,UKL2,REST,Standard,SAV,No Renting,22
2023,07,OPEL,ASTRA,Corporate,BEV,Gasolina/Electrico Enchufable,UKL2,REST,Standard,HACH 5P,No Renting,4
2023,07,OPEL,ASTRA,Corporate,ICE,Gasolina/Electrico Enchufable,UKL2,REST,Standard,HACH 5P,No Renting,36
2023,07,OPEL,ASTRA,Corporate,ICE,Gasolina/Electrico Enchufable,UKL2,REST,Standard,HACH 5P,Renting,7
2023,07,OPEL,ASTRA,Corporate,PHEV,Gasolina/Electrico Enchufable,UKL2,REST,Standard,HACH 5P,No Renting,15
2023,07,OPEL,ASTRA,Corporate,PHEV,Gasolina/Electrico Enchufable,UKL2,REST,Standard,HACH 5P,Renting,1
2023,07,OPEL,ASTRA,Private,ICE,Gasolina/Electrico Enchufable,UKL2,REST,Standard,HACH 5P,No Renting,40
2023,07,OPEL,ASTRA,Private,PHEV,Gasolina/Electrico Enchufable,UKL2,REST,Standard,HACH 5P,No Renting,3
2023,07,OPEL,ASTRA,RAC,ICE,Gasolina/Electrico Enchufable,UKL2,REST,Standard,HACH 5P,No Renting,1
2023,07,OPEL,ASTRA,RAC,PHEV,Gasolina/Electrico Enchufable,UKL2,REST,Standard,HACH 5P,No Renting,1
2023,07,OPEL,COMBO,Corporate,BEV,Gasolina,SKL,REST,Standard,TRANSPORTER,No Renting,23
2023,07,OPEL,COMBO,Corporate,BEV,Gasolina,SKL,REST,Standard,TRANSPORTER,Renting,1
2023,07,OPEL,COMBO,Corporate,ICE,Gasolina,SKL,REST,Standard,TRANSPORTER,No Renting,63
2023,07,OPEL,COMBO,Corporate,ICE,Gasolina,SKL,REST,Standard,TRANSPORTER,Renting,169
2023,07,OPEL,COMBO,Private,BEV,Gasolina,SKL,REST,Standard,TRANSPORTER,No Renting,5
2023,07,OPEL,COMBO,Private,ICE,Gasolina,SKL,REST,Standard,TRANSPORTER,No Renting,13
2023,07,OPEL,COMBO,RAC,ICE,Gasolina,SKL,REST,Standard,TRANSPORTER,No Renting,65
2023,07,OPEL,CORSA,Corporate,BEV,Gasolina Mild Hybrid,UKL1,REST,Standard,HACH 5P,No Renting,5
2023,07,OPEL,CORSA,Corporate,BEV,Gasolina Mild Hybrid,UKL1,REST,Standard,HACH 5P,Renting,2
2023,07,OPEL,CORSA,Corporate,ICE,Gasolina Mild Hybrid,UKL1,REST,Standard,HACH 5P,No Renting,144
2023,07,OPEL,CORSA,Corporate,ICE,Gasolina Mild Hybrid,UKL1,REST,Standard,HACH 5P,Renting,170
2023,07,OPEL,CORSA,Private,ICE,Gasolina Mild Hybrid,UKL1,REST,Standard,HACH 5P,No Renting,172
2023,07,OPEL,CORSA,RAC,BEV,Gasolina Mild Hybrid,UKL1,REST,Standard,HACH 5P,No Renting,1
2023,07,OPEL,CORSA,RAC,ICE,Gasolina Mild Hybrid,UKL1,REST,Standard,HACH 5P,No Renting,117
2023,07,OPEL,CORSA,RAC,ICE,Gasolina Mild Hybrid,UKL1,REST,Standard,HACH 5P,Renting,7
2023,07,OPEL,CROSSLAND,Corporate,ICE,Diesel,UKL1,REST,Standard,SAV,No Renting,68
2023,07,OPEL,CROSSLAND,Corporate,ICE,Diesel,UKL1,REST,Standard,SAV,Renting,4
2023,07,OPEL,CROSSLAND,Private,ICE,Diesel,UKL1,REST,Standard,SAV,No Renting,75
2023,07,OPEL,CROSSLAND,RAC,ICE,Diesel,UKL1,REST,Standard,SAV,No Renting,18
2023,07,OPEL,CROSSLAND,RAC,ICE,Diesel,UKL1,REST,Standard,SAV,Renting,16
2023,07,OPEL,GRANDLAND X,Corporate,ICE,Gasolina/Electrico Enchufable,UKL2,REST,Standard,SAV,No Renting,37
2023,07,OPEL,GRANDLAND X,Corporate,ICE,Gasolina/Electrico Enchufable,UKL2,REST,Standard,SAV,Renting,8
2023,07,OPEL,GRANDLAND X,Corporate,PHEV,Gasolina/Electrico Enchufable,UKL2,REST,Standard,SAV,No Renting,13
2023,07,OPEL,GRANDLAND X,Corporate,PHEV,Gasolina/Electrico Enchufable,UKL2,REST,Standard,SAV,Renting,1
2023,07,OPEL,GRANDLAND X,Private,ICE,Gasolina/Electrico Enchufable,UKL2,REST,Standard,SAV,No Renting,33
2023,07,OPEL,GRANDLAND X,Private,PHEV,Gasolina/Electrico Enchufable,UKL2,REST,Standard,SAV,No Renting,2
2023,07,OPEL,GRANDLAND X,RAC,ICE,Gasolina/Electrico Enchufable,UKL2,REST,Standard,SAV,No Renting,2
2023,07,OPEL,GRANDLAND X,RAC,PHEV,Gasolina/Electrico Enchufable,UKL2,REST,Standard,SAV,No Renting,8
2023,07,OPEL,GRANDLAND X,RAC,PHEV,Gasolina/Electrico Enchufable,UKL2,REST,Standard,SAV,Renting,44
2023,07,OPEL,MOKKA,Corporate,BEV,Gasolina Mild Hybrid,UKL1,REST,Standard,SAV,No Renting,6
2023,07,OPEL,MOKKA,Corporate,BEV,Gasolina Mild Hybrid,UKL1,REST,Standard,SAV,Renting,3
2023,07,OPEL,MOKKA,Corporate,ICE,Gasolina Mild Hybrid,UKL1,REST,Standard,SAV,No Renting,104
2023,07,OPEL,MOKKA,Corporate,ICE,Gasolina Mild Hybrid,UKL1,REST,Standard,SAV,Renting,13
2023,07,OPEL,MOKKA,Private,BEV,Gasolina Mild Hybrid,UKL1,REST,Standard,SAV,No Renting,1
2023,07,OPEL,MOKKA,Private,ICE,Gasolina Mild Hybrid,UKL1,REST,Standard,SAV,No Renting,98
2023,07,OPEL,MOKKA,RAC,BEV,Gasolina Mild Hybrid,UKL1,REST,Standard,SAV,No Renting,1
2023,07,OPEL,MOKKA,RAC,ICE,Gasolina Mild Hybrid,UKL1,REST,Standard,SAV,No Renting,4
2023,07,OPEL,MOKKA,RAC,ICE,Gasolina Mild Hybrid,UKL1,REST,Standard,SAV,Renting,49
2023,07,OPEL,MOVANO,Corporate,ICE,Electrico,SKL,REST,Standard,TRANSPORTER,No Renting,36
2023,07,OPEL,MOVANO,Corporate,ICE,Electrico,SKL,REST,Standard,TRANSPORTER,Renting,42
2023,07,OPEL,MOVANO,Private,ICE,Electrico,SKL,REST,Standard,TRANSPORTER,No Renting,10
2023,07,OPEL,MOVANO,RAC,ICE,Electrico,SKL,REST,Standard,TRANSPORTER,No Renting,3
2023,07,OPEL,VIVARO,Corporate,BEV,Electrico,SKL,REST,Standard,TRANSPORTER,No Renting,15
2023,07,OPEL,VIVARO,Corporate,BEV,Electrico,SKL,REST,Standard,TRANSPORTER,Renting,1
2023,07,OPEL,VIVARO,Corporate,ICE,Electrico,SKL,REST,Standard,TRANSPORTER,No Renting,29
2023,07,OPEL,VIVARO,Corporate,ICE,Electrico,SKL,REST,Standard,TRANSPORTER,Renting,8
2023,07,OPEL,VIVARO,Private,BEV,Electrico,SKL,REST,Standard,TRANSPORTER,No Renting,1
2023,07,OPEL,VIVARO,Private,ICE,Electrico,SKL,REST,Standard,TRANSPORTER,No Renting,2
2023,07,OPEL,VIVARO,RAC,BEV,Electrico,SKL,REST,Standard,TRANSPORTER,Renting,1
2023,07,OPEL,VIVARO,RAC,ICE,Electrico,SKL,REST,Standard,TRANSPORTER,No Renting,12
2023,07,OPEL,ZAFIRA LIFE,RAC,ICE,Electrico,SKL,REST,Standard,TRANSPORTER,No Renting,1
2023,07,PEUGEOT,2008,Corporate,BEV,Gasolina Mild Hybrid,UKL1,REST,Standard,SAV,No Renting,30
2023,07,PEUGEOT,2008,Corporate,ICE,Gasolina Mild Hybrid,UKL1,REST,Standard,SAV,No Renting,208
2023,07,PEUGEOT,2008,Corporate,ICE,Gasolina Mild Hybrid,UKL1,REST,Standard,SAV,Renting,236
2023,07,PEUGEOT,2008,Private,BEV,Gasolina Mild Hybrid,UKL1,REST,Standard,SAV,No Renting,2
2023,07,PEUGEOT,2008,Private,ICE,Gasolina Mild Hybrid,UKL1,REST,Standard,SAV,No Renting,705
2023,07,PEUGEOT,2008,RAC,BEV,Gasolina Mild Hybrid,UKL1,REST,Standard,SAV,No Renting,62
2023,07,PEUGEOT,2008,RAC,ICE,Gasolina Mild Hybrid,UKL1,REST,Standard,SAV,No Renting,476
2023,07,PEUGEOT,2008,RAC,ICE,Gasolina Mild Hybrid,UKL1,REST,Standard,SAV,Renting,93
2023,07,PEUGEOT,208,Corporate,BEV,Gasolina Mild Hybrid,UKL1,REST,Standard,HACH 5P,No Renting,43
2023,07,PEUGEOT,208,Corporate,BEV,Gasolina Mild Hybrid,UKL1,REST,Standard,HACH 5P,Renting,12
2023,07,PEUGEOT,208,Corporate,ICE,Gasolina Mild Hybrid,UKL1,REST,Standard,HACH 5P,No Renting,367
2023,07,PEUGEOT,208,Corporate,ICE,Gasolina Mild Hybrid,UKL1,REST,Standard,HACH 5P,Renting,205
2023,07,PEUGEOT,208,Private,BEV,Gasolina Mild Hybrid,UKL1,REST,Standard,HACH 5P,No Renting,6
2023,07,PEUGEOT,208,Private,ICE,Gasolina Mild Hybrid,UKL1,REST,Standard,HACH 5P,No Renting,342
2023,07,PEUGEOT,208,RAC,BEV,Gasolina Mild Hybrid,UKL1,REST,Standard,HACH 5P,No Renting,8
2023,07,PEUGEOT,208,RAC,ICE,Gasolina Mild Hybrid,UKL1,REST,Standard,HACH 5P,No Renting,74
2023,07,PEUGEOT,208,RAC,ICE,Gasolina Mild Hybrid,UKL1,REST,Standard,HACH 5P,Renting,15
2023,07,PEUGEOT,3008,Corporate,ICE,Gasolina/Electrico Enchufable,UKL2,REST,Standard,SAT,No Renting,79
2023,07,PEUGEOT,3008,Corporate,ICE,Gasolina/Electrico Enchufable,UKL2,REST,Standard,SAT,Renting,87
2023,07,PEUGEOT,3008,Corporate,PHEV,Gasolina/Electrico Enchufable,UKL2,REST,Standard,SAT,No Renting,32
2023,07,PEUGEOT,3008,Corporate,PHEV,Gasolina/Electrico Enchufable,UKL2,REST,Standard,SAT,Renting,76
2023,07,PEUGEOT,3008,Private,ICE,Gasolina/Electrico Enchufable,UKL2,REST,Standard,SAT,No Renting,247
2023,07,PEUGEOT,3008,Private,PHEV,Gasolina/Electrico Enchufable,UKL2,REST,Standard,SAT,No Renting,14
2023,07,PEUGEOT,3008,RAC,ICE,Gasolina/Electrico Enchufable,UKL2,REST,Standard,SAT,No Renting,11
2023,07,PEUGEOT,3008,RAC,ICE,Gasolina/Electrico Enchufable,UKL2,REST,Standard,SAT,Renting,10
2023,07,PEUGEOT,3008,RAC,PHEV,Gasolina/Electrico Enchufable,UKL2,REST,Standard,SAT,No Renting,14
2023,07,PEUGEOT,3008,RAC,PHEV,Gasolina/Electrico Enchufable,UKL2,REST,Standard,SAT,Renting,4
2023,07,PEUGEOT,308,Corporate,ICE,Gasolina/Electrico Enchufable,UKL2,REST,Standard,HACH 5P,No Renting,100
2023,07,PEUGEOT,308,Corporate,ICE,Gasolina/Electrico Enchufable,UKL2,REST,Standard,HACH 5P,Renting,67
2023,07,PEUGEOT,308,Corporate,PHEV,Gasolina/Electrico Enchufable,UKL2,REST,Standard,HACH 5P,No Renting,20
2023,07,PEUGEOT,308,Corporate,PHEV,Gasolina/Electrico Enchufable,UKL2,REST,Standard,HACH 5P,Renting,2
2023,07,PEUGEOT,308,Private,ICE,Gasolina/Electrico Enchufable,UKL2,REST,Standard,HACH 5P,No Renting,123
2023,07,PEUGEOT,308,Private,PHEV,Gasolina/Electrico Enchufable,UKL2,REST,Standard,HACH 5P,No Renting,41
2023,07,PEUGEOT,308,RAC,ICE,Gasolina/Electrico Enchufable,UKL2,REST,Standard,HACH 5P,No Renting,5
2023,07,PEUGEOT,308,RAC,ICE,Gasolina/Electrico Enchufable,UKL2,REST,Standard,HACH 5P,Renting,196
2023,07,PEUGEOT,308,RAC,PHEV,Gasolina/Electrico Enchufable,UKL2,REST,Standard,HACH 5P,Renting,1
2023,07,PEUGEOT,408,Corporate,ICE,Gasolina/Electrico Enchufable,UKL2,REST,Standard,SEDAN,No Renting,20
2023,07,PEUGEOT,408,Corporate,ICE,Gasolina/Electrico Enchufable,UKL2,REST,Standard,SEDAN,Renting,4
2023,07,PEUGEOT,408,Corporate,PHEV,Gasolina/Electrico Enchufable,UKL2,REST,Standard,SEDAN,No Renting,3
2023,07,PEUGEOT,408,Corporate,PHEV,Gasolina/Electrico Enchufable,UKL2,REST,Standard,SEDAN,Renting,4
2023,07,PEUGEOT,408,Private,ICE,Gasolina/Electrico Enchufable,UKL2,REST,Standard,SEDAN,No Renting,60
2023,07,PEUGEOT,408,Private,PHEV,Gasolina/Electrico Enchufable,UKL2,REST,Standard,SEDAN,No Renting,23
2023,07,PEUGEOT,408,RAC,ICE,Gasolina/Electrico Enchufable,UKL2,REST,Standard,SEDAN,No Renting,2
2023,07,PEUGEOT,5008,Corporate,ICE,Gasolina/Electrico Enchufable,KKL,REST,Standard,SUV,No Renting,34
2023,07,PEUGEOT,5008,Corporate,ICE,Gasolina/Electrico Enchufable,KKL,REST,Standard,SUV,Renting,43
2023,07,PEUGEOT,5008,Private,ICE,Gasolina/Electrico Enchufable,KKL,REST,Standard,SUV,No Renting,103
2023,07,PEUGEOT,5008,RAC,ICE,Gasolina/Electrico Enchufable,KKL,REST,Standard,SUV,No Renting,6
2023,07,PEUGEOT,5008,RAC,ICE,Gasolina/Electrico Enchufable,KKL,REST,Standard,SUV,Renting,26
2023,07,PEUGEOT,508,Corporate,ICE,Diesel,KKL,REST,Standard,ESTATE,No Renting,2
2023,07,PEUGEOT,508,Corporate,ICE,Diesel,KKL,REST,Standard,ESTATE,No Renting,15
2023,07,PEUGEOT,508,Corporate,ICE,Diesel,KKL,REST,Standard,ESTATE,Renting,14
2023,07,PEUGEOT,508,Corporate,PHEV,Diesel,KKL,REST,Standard,ESTATE,No Renting,30
2023,07,PEUGEOT,508,Corporate,PHEV,Diesel,KKL,REST,Standard,ESTATE,Renting,2
2023,07,PEUGEOT,508,Private,ICE,Diesel,KKL,REST,Standard,ESTATE,No Renting,6
2023,07,PEUGEOT,508,Private,PHEV,Diesel,KKL,REST,Standard,ESTATE,No Renting,2
2023,07,PEUGEOT,508,RAC,PHEV,Diesel,KKL,REST,Standard,ESTATE,No Renting,1
2023,07,PEUGEOT,BOXER,Corporate,ICE,Diesel,SKL,REST,Standard,TRANSPORTER,No Renting,46
2023,07,PEUGEOT,BOXER,Corporate,ICE,Diesel,SKL,REST,Standard,TRANSPORTER,Renting,32
2023,07,PEUGEOT,BOXER,Private,ICE,Diesel,SKL,REST,Standard,TRANSPORTER,No Renting,24
2023,07,PEUGEOT,BOXER,RAC,ICE,Diesel,SKL,REST,Standard,TRANSPORTER,No Renting,15
2023,07,PEUGEOT,BOXER,RAC,ICE,Diesel,SKL,REST,Standard,TRANSPORTER,Renting,6
2023,07,PEUGEOT,EXPERT,Corporate,BEV,Electrico,SKL,REST,Standard,TRANSPORTER,No Renting,10
2023,07,PEUGEOT,EXPERT,Corporate,BEV,Electrico,SKL,REST,Standard,TRANSPORTER,Renting,18
2023,07,PEUGEOT,EXPERT,Corporate,ICE,Electrico,SKL,REST,Standard,TRANSPORTER,No Renting,83
2023,07,PEUGEOT,EXPERT,Corporate,ICE,Electrico,SKL,REST,Standard,TRANSPORTER,Renting,89
2023,07,PEUGEOT,EXPERT,Private,ICE,Electrico,SKL,REST,Standard,TRANSPORTER,No Renting,14
2023,07,PEUGEOT,EXPERT,RAC,BEV,Electrico,SKL,REST,Standard,TRANSPORTER,No Renting,1
2023,07,PEUGEOT,EXPERT,RAC,ICE,Electrico,SKL,REST,Standard,TRANSPORTER,No Renting,49
2023,07,PEUGEOT,EXPERT,RAC,ICE,Electrico,SKL,REST,Standard,TRANSPORTER,Renting,1
2023,07,PEUGEOT,PART TEP ACT,Corporate,ICE,Diesel,,REST,Standard,,No Renting,1
2023,07,PEUGEOT,PARTNER,Corporate,BEV,Electrico,SKL,REST,Standard,TRANSPORTER,No Renting,18
2023,07,PEUGEOT,PARTNER,Corporate,BEV,Electrico,SKL,REST,Standard,TRANSPORTER,Renting,5
2023,07,PEUGEOT,PARTNER,Corporate,ICE,Electrico,SKL,REST,Standard,TRANSPORTER,No Renting,73
2023,07,PEUGEOT,PARTNER,Corporate,ICE,Electrico,SKL,REST,Standard,TRANSPORTER,Renting,291
2023,07,PEUGEOT,PARTNER,Private,ICE,Electrico,SKL,REST,Standard,TRANSPORTER,No Renting,5
2023,07,PEUGEOT,PARTNER,RAC,ICE,Electrico,SKL,REST,Standard,TRANSPORTER,No Renting,48
2023,07,PEUGEOT,PATNER,Private,ICE,Diesel,,REST,Standard,,No Renting,1
2023,07,PEUGEOT,RIFTER,Corporate,BEV,Electrico,SKL,REST,Standard,TRANSPORTER,No Renting,25
2023,07,PEUGEOT,RIFTER,Corporate,BEV,Electrico,SKL,REST,Standard,TRANSPORTER,Renting,8
2023,07,PEUGEOT,RIFTER,Corporate,ICE,Electrico,SKL,REST,Standard,TRANSPORTER,No Renting,201
2023,07,PEUGEOT,RIFTER,Corporate,ICE,Electrico,SKL,REST,Standard,TRANSPORTER,Renting,163
2023,07,PEUGEOT,RIFTER,Private,BEV,Electrico,SKL,REST,Standard,TRANSPORTER,No Renting,1
2023,07,PEUGEOT,RIFTER,Private,ICE,Electrico,SKL,REST,Standard,TRANSPORTER,No Renting,150
2023,07,PEUGEOT,RIFTER,RAC,BEV,Electrico,SKL,REST,Standard,TRANSPORTER,No Renting,4
2023,07,PEUGEOT,RIFTER,RAC,BEV,Electrico,SKL,REST,Standard,TRANSPORTER,Renting,1
2023,07,PEUGEOT,RIFTER,RAC,ICE,Electrico,SKL,REST,Standard,TRANSPORTER,No Renting,21
2023,07,PEUGEOT,TRAVELLER,Corporate,BEV,Diesel,SKL,REST,Standard,TRANSPORTER,No Renting,2
2023,07,PEUGEOT,TRAVELLER,Corporate,BEV,Diesel,SKL,REST,Standard,TRANSPORTER,Renting,2
2023,07,PEUGEOT,TRAVELLER,Private,ICE,Diesel,SKL,REST,Standard,TRANSPORTER,No Renting,1
2023,07,PIAGGIO,PORTER,Corporate,ICE,Gas natural comprimido (GNC),SKL,REST,Standard,TRANSPORTER,No Renting,15
2023,07,PIAGGIO,PORTER,Private,ICE,Gas natural comprimido (GNC),SKL,REST,Standard,TRANSPORTER,No Renting,2
2023,07,PIAGGIO,PORTER,RAC,ICE,Gas natural comprimido (GNC),SKL,REST,Standard,TRANSPORTER,No Renting,3
2023,07,PIAGGIO,PORTER,RAC,ICE,Gas natural comprimido (GNC),SKL,REST,Standard,TRANSPORTER,Renting,1
2023,07,PIRINEUS,M27H,Corporate,ICE,Diesel,,REST,Standard,,No Renting,1
2023,07,POLARIS,RZR PRO R,RAC,ICE,Gasolina,,REST,Standard,,No Renting,1
2023,07,POLESTAR,POLESTAR 2,Corporate,BEV,Electrico,KKL,FOCUS SEGMENT,Standard,SEDAN,No Renting,6
2023,07,POLESTAR,POLESTAR 2,Corporate,BEV,Electrico,KKL,FOCUS SEGMENT,Standard,SEDAN,Renting,2
2023,07,POLESTAR,POLESTAR 2,Private,BEV,Electrico,KKL,FOCUS SEGMENT,Standard,SEDAN,No Renting,3
2023,07,POLESTAR,POLESTAR 2,RAC,BEV,Electrico,KKL,FOCUS SEGMENT,Standard,SEDAN,No Renting,35
2023,07,POLESTAR,POLESTAR 2,RAC,BEV,Electrico,KKL,FOCUS SEGMENT,Standard,SEDAN,Renting,31
2023,07,PORSCHE,718,Corporate,ICE,Gasolina,KKL,FOCUS SEGMENT,M Performance,ROADSTER,No Renting,1
2023,07,PORSCHE,718,Corporate,ICE,Gasolina,KKL,FOCUS SEGMENT,Standard,ROADSTER,No Renting,6
2023,07,PORSCHE,718,Corporate,ICE,Gasolina,KKL,FOCUS SEGMENT,Standard,ROADSTER,Renting,2
2023,07,PORSCHE,718,Private,ICE,Gasolina,KKL,FOCUS SEGMENT,M Performance,ROADSTER,No Renting,1
2023,07,PORSCHE,718,Private,ICE,Gasolina,KKL,FOCUS SEGMENT,Standard,ROADSTER,No Renting,6
2023,07,PORSCHE,718,RAC,ICE,Gasolina,KKL,FOCUS SEGMENT,Standard,ROADSTER,No Renting,1
2023,07,PORSCHE,911,Corporate,ICE,Gasolina/Electrico,GKL,FOCUS SEGMENT,M,COUPE,No Renting,5
2023,07,PORSCHE,911,Corporate,ICE,Gasolina/Electrico,GKL,FOCUS SEGMENT,M Performance,COUPE,No Renting,9
2023,07,PORSCHE,911,Corporate,ICE,Gasolina/Electrico,GKL,FOCUS SEGMENT,M Performance,COUPE,Renting,1
2023,07,PORSCHE,911,Corporate,ICE,Gasolina/Electrico,GKL,FOCUS SEGMENT,Standard,COUPE,No Renting,4
2023,07,PORSCHE,911,Corporate,ICE,Gasolina/Electrico,GKL,FOCUS SEGMENT,Standard,COUPE,Renting,1
2023,07,PORSCHE,911,Private,ICE,Gasolina/Electrico,GKL,FOCUS SEGMENT,M,COUPE,No Renting,6
2023,07,PORSCHE,911,Private,ICE,Gasolina/Electrico,GKL,FOCUS SEGMENT,M Performance,COUPE,No Renting,10
2023,07,PORSCHE,911,Private,ICE,Gasolina/Electrico,GKL,FOCUS SEGMENT,Standard,COUPE,No Renting,3
2023,07,PORSCHE,911,RAC,ICE,Gasolina/Electrico,GKL,FOCUS SEGMENT,M Performance,COUPE,No Renting,3
2023,07,PORSCHE,CAYENNE,Corporate,ICE,Gasolina,MKL,FOCUS SEGMENT,Standard,SAV,No Renting,3
2023,07,PORSCHE,CAYENNE,Corporate,ICE,Gasolina,MKL,FOCUS SEGMENT,Standard,SAV,Renting,2
2023,07,PORSCHE,CAYENNE,Corporate,ICE,Gasolina/Electrico Enchufable,MKL,FOCUS SEGMENT,M,SAV,No Renting,1
2023,07,PORSCHE,CAYENNE,Corporate,ICE,Gasolina/Electrico Enchufable,MKL,FOCUS SEGMENT,M Performance,SAV,No Renting,1
2023,07,PORSCHE,CAYENNE,Private,ICE,Gasolina,MKL,FOCUS SEGMENT,Standard,SAV,No Renting,1
2023,07,PORSCHE,CAYENNE COUPE,Corporate,PHEV,Gasolina/Electrico Enchufable,MKL,FOCUS SEGMENT,Standard,SAV,No Renting,6
2023,07,PORSCHE,CAYENNE COUPE,Corporate,PHEV,Gasolina/Electrico Enchufable,MKL,FOCUS SEGMENT,Standard,SAV,Renting,2
2023,07,PORSCHE,CAYENNE COUPE,Private,PHEV,Gasolina/Electrico Enchufable,MKL,FOCUS SEGMENT,Standard,SAV,No Renting,4
2023,07,PORSCHE,CAYENNE COUPE,RAC,PHEV,Gasolina/Electrico Enchufable,MKL,FOCUS SEGMENT,Standard,SAV,No Renting,4
2023,07,PORSCHE,MACAN,Corporate,ICE,Gasolina,KKL,FOCUS SEGMENT,M Performance,SAV,No Renting,14
2023,07,PORSCHE,MACAN,Corporate,ICE,Gasolina,KKL,FOCUS SEGMENT,M Performance,SAV,Renting,6
2023,07,PORSCHE,MACAN,Corporate,ICE,Gasolina,KKL,FOCUS SEGMENT,Standard,SAV,No Renting,15
2023,07,PORSCHE,MACAN,Corporate,ICE,Gasolina,KKL,FOCUS SEGMENT,Standard,SAV,Renting,6
2023,07,PORSCHE,MACAN,Private,ICE,Gasolina,KKL,FOCUS SEGMENT,M Performance,SAV,No Renting,18
2023,07,PORSCHE,MACAN,Private,ICE,Gasolina,KKL,FOCUS SEGMENT,Standard,SAV,No Renting,21
2023,07,PORSCHE,MACAN,RAC,ICE,Gasolina,KKL,FOCUS SEGMENT,Standard,SAV,No Renting,9
2023,07,PORSCHE,PANAMERA,Corporate,PHEV,Gasolina/Electrico Enchufable,GKL,FOCUS SEGMENT,Standard,SEDAN,No Renting,6
2023,07,PORSCHE,PANAMERA,Private,ICE,Gasolina/Electrico Enchufable,GKL,FOCUS SEGMENT,M Performance,SEDAN,No Renting,1
2023,07,PORSCHE,PANAMERA,Private,PHEV,Gasolina/Electrico Enchufable,GKL,FOCUS SEGMENT,M Performance,SEDAN,No Renting,2
2023,07,PORSCHE,PANAMERA,Private,PHEV,Gasolina/Electrico Enchufable,GKL,FOCUS SEGMENT,Standard,SEDAN,No Renting,4
2023,07,PORSCHE,TAYCAN,Corporate,BEV,Electrico,GKL,FOCUS SEGMENT,M Performance,ESTATE,No Renting,6
2023,07,PORSCHE,TAYCAN,Corporate,BEV,Electrico,GKL,FOCUS SEGMENT,M Performance,ESTATE,Renting,1
2023,07,PORSCHE,TAYCAN,Corporate,BEV,Electrico,GKL,FOCUS SEGMENT,Standard,ESTATE,No Renting,8
2023,07,PORSCHE,TAYCAN,Corporate,BEV,Electrico,GKL,FOCUS SEGMENT,Standard,ESTATE,Renting,5
2023,07,PORSCHE,TAYCAN,Private,BEV,Electrico,GKL,FOCUS SEGMENT,M Performance,ESTATE,No Renting,1
2023,07,PORSCHE,TAYCAN,Private,BEV,Electrico,GKL,FOCUS SEGMENT,Standard,ESTATE,No Renting,7
2023,07,PORSCHE,TAYCAN,RAC,BEV,Electrico,GKL,FOCUS SEGMENT,M Performance,ESTATE,No Renting,1
2023,07,PORSCHE,TAYCAN,RAC,BEV,Electrico,GKL,FOCUS SEGMENT,Standard,ESTATE,No Renting,2
2023,07,RENAULT,ARKANA,Corporate,ICE,Gasolina/Electrico,UKL2,REST,Standard,SAV,No Renting,126
2023,07,RENAULT,ARKANA,Corporate,ICE,Gasolina/Electrico,UKL2,REST,Standard,SAV,Renting,187
2023,07,RENAULT,ARKANA,Private,ICE,Gasolina/Electrico,UKL2,REST,Standard,SAV,No Renting,474
2023,07,RENAULT,ARKANA,RAC,ICE,Gasolina/Electrico,UKL2,REST,Standard,SAV,Renting,5
2023,07,RENAULT,AUSTRAL,Corporate,ICE,Gasolina/Electrico,UKL2,REST,Standard,SAV,No Renting,98
2023,07,RENAULT,AUSTRAL,Corporate,ICE,Gasolina/Electrico,UKL2,REST,Standard,SAV,Renting,90
2023,07,RENAULT,AUSTRAL,Private,ICE,Gasolina/Electrico,UKL2,REST,Standard,SAV,No Renting,435
2023,07,RENAULT,CAPTUR,Corporate,ICE,Gasolina/Electrico,UKL1,REST,Standard,SAV,No Renting,126
2023,07,RENAULT,CAPTUR,Corporate,ICE,Gasolina/Electrico,UKL1,REST,Standard,SAV,Renting,265
2023,07,RENAULT,CAPTUR,Corporate,PHEV,Gasolina/Electrico,UKL1,REST,Standard,SAV,No Renting,5
2023,07,RENAULT,CAPTUR,Corporate,PHEV,Gasolina/Electrico,UKL1,REST,Standard,SAV,Renting,23
2023,07,RENAULT,CAPTUR,Private,ICE,Gasolina/Electrico,UKL1,REST,Standard,SAV,No Renting,511
2023,07,RENAULT,CAPTUR,Private,PHEV,Gasolina/Electrico,UKL1,REST,Standard,SAV,No Renting,33
2023,07,RENAULT,CAPTUR,RAC,ICE,Gasolina/Electrico,UKL1,REST,Standard,SAV,No Renting,100
2023,07,RENAULT,CAPTUR,RAC,ICE,Gasolina/Electrico,UKL1,REST,Standard,SAV,Renting,13
2023,07,RENAULT,CLIO,Corporate,ICE,Gasolina/Electrico,UKL1,REST,Standard,HACH 5P,No Renting,150
2023,07,RENAULT,CLIO,Corporate,ICE,Gasolina/Electrico,UKL1,REST,Standard,HACH 5P,Renting,596
2023,07,RENAULT,CLIO,Private,ICE,Gasolina/Electrico,UKL1,REST,Standard,HACH 5P,No Renting,543
2023,07,RENAULT,CLIO,RAC,ICE,Gasolina/Electrico,UKL1,REST,Standard,HACH 5P,No Renting,115
2023,07,RENAULT,CLIO,RAC,ICE,Gasolina/Electrico,UKL1,REST,Standard,HACH 5P,Renting,63
2023,07,RENAULT,ESPACE,Corporate,ICE,Gasolina/Electrico,KKL,REST,Standard,SAV,No Renting,78
2023,07,RENAULT,ESPACE,Corporate,ICE,Gasolina/Electrico,KKL,REST,Standard,SAV,Renting,13
2023,07,RENAULT,ESPACE,Private,ICE,Gasolina/Electrico,KKL,REST,Standard,SAV,No Renting,46
2023,07,RENAULT,EXPRESS,Corporate,ICE,Diesel,SKL,REST,Standard,TRANSPORTER,No Renting,273
2023,07,RENAULT,EXPRESS,Corporate,ICE,Diesel,SKL,REST,Standard,TRANSPORTER,Renting,374
2023,07,RENAULT,EXPRESS,Private,ICE,Diesel,SKL,REST,Standard,TRANSPORTER,No Renting,19
2023,07,RENAULT,EXPRESS,RAC,ICE,Diesel,SKL,REST,Standard,TRANSPORTER,Renting,31
2023,07,RENAULT,GRAND SCENIC,Corporate,ICE,Gasolina,UKL2,REST,Standard,MPV,Renting,1
2023,07,RENAULT,GRAND SCENIC,Private,ICE,Gasolina,UKL2,REST,Standard,MPV,No Renting,2
2023,07,RENAULT,KANGOO,Corporate,BEV,Gasolina,SKL,REST,Standard,TRANSPORTER,No Renting,59
2023,07,RENAULT,KANGOO,Corporate,BEV,Gasolina,SKL,REST,Standard,TRANSPORTER,Renting,27
2023,07,RENAULT,KANGOO,Corporate,ICE,Gasolina,SKL,REST,Standard,TRANSPORTER,No Renting,102
2023,07,RENAULT,KANGOO,Corporate,ICE,Gasolina,SKL,REST,Standard,TRANSPORTER,Renting,345
2023,07,RENAULT,KANGOO,Private,BEV,Gasolina,SKL,REST,Standard,TRANSPORTER,No Renting,2
2023,07,RENAULT,KANGOO,Private,ICE,Gasolina,SKL,REST,Standard,TRANSPORTER,No Renting,50
2023,07,RENAULT,KANGOO,RAC,ICE,Gasolina,SKL,REST,Standard,TRANSPORTER,No Renting,22
2023,07,RENAULT,KOLEOS,Corporate,ICE,Diesel,KKL,REST,Standard,SAV,No Renting,2
2023,07,RENAULT,KOLEOS,Corporate,ICE,Diesel,KKL,REST,Standard,SAV,Renting,8
2023,07,RENAULT,MASTER,Corporate,BEV,Electrico,SKL,REST,Standard,TRANSPORTER,No Renting,12
2023,07,RENAULT,MASTER,Corporate,BEV,Electrico,SKL,REST,Standard,TRANSPORTER,Renting,5
2023,07,RENAULT,MASTER,Corporate,ICE,Electrico,SKL,REST,Standard,TRANSPORTER,No Renting,375
2023,07,RENAULT,MASTER,Corporate,ICE,Electrico,SKL,REST,Standard,TRANSPORTER,Renting,352
2023,07,RENAULT,MASTER,Private,ICE,Electrico,SKL,REST,Standard,TRANSPORTER,No Renting,49
2023,07,RENAULT,MASTER,RAC,ICE,Electrico,SKL,REST,Standard,TRANSPORTER,No Renting,63
2023,07,RENAULT,MASTER,RAC,ICE,Electrico,SKL,REST,Standard,TRANSPORTER,Renting,11
2023,07,RENAULT,MEGANE,Corporate,BEV,Gasolina,UKL2,REST,Standard,HACH 5P,No Renting,14
2023,07,RENAULT,MEGANE,Corporate,BEV,Gasolina,UKL2,REST,Standard,HACH 5P,Renting,2
2023,07,RENAULT,MEGANE,Corporate,ICE,Gasolina,UKL2,REST,Standard,HACH 5P,No Renting,143
2023,07,RENAULT,MEGANE,Corporate,ICE,Gasolina,UKL2,REST,Standard,HACH 5P,Renting,135
2023,07,RENAULT,MEGANE,Corporate,PHEV,Gasolina,UKL2,REST,Standard,HACH 5P,No Renting,23
2023,07,RENAULT,MEGANE,Private,BEV,Gasolina,UKL2,REST,Standard,HACH 5P,No Renting,9
2023,07,RENAULT,MEGANE,Private,ICE,Gasolina,UKL2,REST,Standard,HACH 5P,No Renting,75
2023,07,RENAULT,MEGANE,Private,PHEV,Gasolina,UKL2,REST,Standard,HACH 5P,No Renting,3
2023,07,RENAULT,MEGANE,RAC,BEV,Gasolina,UKL2,REST,Standard,HACH 5P,No Renting,16
2023,07,RENAULT,MEGANE,RAC,BEV,Gasolina,UKL2,REST,Standard,HACH 5P,Renting,2
2023,07,RENAULT,MEGANE,RAC,ICE,Gasolina,UKL2,REST,Standard,HACH 5P,Renting,21
2023,07,RENAULT,TRAFFIC,Corporate,ICE,Diesel,,REST,Standard,,No Renting,2
2023,07,RENAULT,TRAFIC,Corporate,ICE,Electrico,SKL,REST,Standard,TRANSPORTER,No Renting,217
2023,07,RENAULT,TRAFIC,Corporate,ICE,Electrico,SKL,REST,Standard,TRANSPORTER,Renting,216
2023,07,RENAULT,TRAFIC,Private,ICE,Electrico,SKL,REST,Standard,TRANSPORTER,No Renting,84
2023,07,RENAULT,TRAFIC,RAC,ICE,Electrico,SKL,REST,Standard,TRANSPORTER,No Renting,41
2023,07,RENAULT,TRAFIC,RAC,ICE,Electrico,SKL,REST,Standard,TRANSPORTER,Renting,1
2023,07,RENAULT,TWINGO,Corporate,BEV,Electrico,UKL0,REST,Standard,HACH 5P,No Renting,1
2023,07,RENAULT,TWINGO,Corporate,BEV,Electrico,UKL0,REST,Standard,HACH 5P,Renting,2
2023,07,RENAULT,TWINGO,Private,BEV,Electrico,UKL0,REST,Standard,HACH 5P,No Renting,23
2023,07,RENAULT,ZOE,Corporate,BEV,Electrico,UKL1,REST,Standard,HACH 5P,No Renting,8
2023,07,RENAULT,ZOE,Corporate,BEV,Electrico,UKL1,REST,Standard,HACH 5P,Renting,4
2023,07,RENAULT,ZOE,Private,BEV,Electrico,UKL1,REST,Standard,HACH 5P,No Renting,1
2023,07,RENAULT TRUCKS,D 12 LOW R4X2 240E6,Corporate,ICE,Diesel,,REST,Standard,,No Renting,1
2023,07,RENAULT TRUCKS,MASTER,Corporate,ICE,Electrico,SKL,REST,Standard,TRANSPORTER,No Renting,1
2023,07,RENAULT TRUCKS,MASTER,Corporate,ICE,Electrico,SKL,REST,Standard,TRANSPORTER,Renting,1
2023,07,RENAULT TRUCKS,MASTER,Private,ICE,Electrico,SKL,REST,Standard,TRANSPORTER,No Renting,1
2023,07,RIUDACARR,CRAFTER,Corporate,ICE,Diesel,,REST,Standard,,No Renting,1
2023,07,RIUDACARR,M27H,Corporate,ICE,Diesel,,REST,Standard,,No Renting,1
2023,07,ROGA,35C16,Corporate,ICE,Diesel,,REST,Standard,,No Renting,1
2023,07,ROGA,M21,Corporate,ICE,Diesel,,REST,Standard,,No Renting,1
2023,07,ROGA,SPRINTER,Corporate,ICE,Diesel,,REST,Standard,,No Renting,1
2023,07,RTF,SOCAGE,Corporate,ICE,Diesel,,REST,Standard,,No Renting,1
2023,07,SEAT,ARONA,Corporate,ICE,Gasolina,UKL1,REST,Standard,SAV,No Renting,266
2023,07,SEAT,ARONA,Corporate,ICE,Gasolina,UKL1,REST,Standard,SAV,Renting,363
2023,07,SEAT,ARONA,Private,ICE,Gasolina,UKL1,REST,Standard,SAV,No Renting,709
2023,07,SEAT,ARONA,RAC,ICE,Gasolina,UKL1,REST,Standard,SAV,No Renting,364
2023,07,SEAT,ATECA,Corporate,ICE,Gasolina,UKL2,REST,Standard,SAT,No Renting,212
2023,07,SEAT,ATECA,Corporate,ICE,Gasolina,UKL2,REST,Standard,SAT,Renting,66
2023,07,SEAT,ATECA,Private,ICE,Gasolina,UKL2,REST,Standard,SAT,No Renting,440
2023,07,SEAT,ATECA,RAC,ICE,Gasolina,UKL2,REST,Standard,SAT,No Renting,342
2023,07,SEAT,ATECA,RAC,ICE,Gasolina,UKL2,REST,Standard,SAT,Renting,144
2023,07,SEAT,IBIZA,Corporate,ICE,Gasolina,UKL1,REST,Standard,HACH 5P,No Renting,289
2023,07,SEAT,IBIZA,Corporate,ICE,Gasolina,UKL1,REST,Standard,HACH 5P,Renting,418
2023,07,SEAT,IBIZA,Private,ICE,Gasolina,UKL1,REST,Standard,HACH 5P,No Renting,532
2023,07,SEAT,IBIZA,RAC,ICE,Gasolina,UKL1,REST,Standard,HACH 5P,No Renting,74
2023,07,SEAT,IBIZA,RAC,ICE,Gasolina,UKL1,REST,Standard,HACH 5P,Renting,78
2023,07,SEAT,LEON,Corporate,ICE,Gasolina/Electrico Enchufable,UKL2,REST,Standard,HACH 5P,No Renting,235
2023,07,SEAT,LEON,Corporate,ICE,Gasolina/Electrico Enchufable,UKL2,REST,Standard,HACH 5P,Renting,209
2023,07,SEAT,LEON,Private,ICE,Gasolina/Electrico Enchufable,UKL2,REST,Standard,HACH 5P,No Renting,301
2023,07,SEAT,TARRACO,Corporate,ICE,Diesel,KKL,REST,Standard,SAV,No Renting,65
2023,07,SEAT,TARRACO,Corporate,ICE,Diesel,KKL,REST,Standard,SAV,Renting,37
2023,07,SEAT,TARRACO,Corporate,PHEV,Diesel,KKL,REST,Standard,SAV,No Renting,5
2023,07,SEAT,TARRACO,Private,ICE,Diesel,KKL,REST,Standard,SAV,No Renting,59
2023,07,SEAT,TARRACO,Private,PHEV,Diesel,KKL,REST,Standard,SAV,No Renting,3
2023,07,SEAT,TARRACO,RAC,ICE,Diesel,KKL,REST,Standard,SAV,No Renting,16
2023,07,SEAT,TARRACO,RAC,ICE,Diesel,KKL,REST,Standard,SAV,Renting,101
2023,07,SEMICARFRAN SL,35C16,Corporate,ICE,Diesel,,REST,Standard,,No Renting,1
2023,07,SEMICARFRAN SL,35C16,RAC,ICE,Diesel,,REST,Standard,,Renting,2
2023,07,SEMICARFRAN SL,BOXER,RAC,ICE,Diesel,,REST,Standard,,No Renting,1
2023,07,SEMICARFRAN SL,SPRINTER,Corporate,ICE,Diesel,,REST,Standard,,Renting,1
2023,07,SEMICARFRAN SL,TGE,Private,ICE,Diesel,,REST,Standard,,No Renting,1
2023,07,SEMICARFRAN SL,TGE,RAC,ICE,Diesel,,REST,Standard,,Renting,1
2023,07,SERES,SERES 3,Corporate,BEV,Electrico,UKL2,REST,Standard,SAV,No Renting,2
2023,07,SERES,SERES 3,Corporate,BEV,Electrico,UKL2,REST,Standard,SAV,Renting,1
2023,07,SERES,SERES 3,Private,BEV,Electrico,UKL2,REST,Standard,SAV,No Renting,1
2023,07,SHINERAY,SWM G01,Private,ICE,Gasolina,MKL,REST,Standard,SUV,No Renting,5
2023,07,SHINERAY,SWM G01,RAC,ICE,Gasolina,MKL,REST,Standard,SUV,No Renting,247
2023,07,SKODA,ENYAQ,Corporate,BEV,Electrico,UKL2,REST,Standard,SAV,No Renting,2
2023,07,SKODA,ENYAQ,Corporate,BEV,Electrico,UKL2,REST,Standard,SAV,Renting,15
2023,07,SKODA,ENYAQ,Private,BEV,Electrico,UKL2,REST,Standard,SAV,No Renting,25
2023,07,SKODA,ENYAQ,RAC,BEV,Electrico,UKL2,REST,Standard,SAV,Renting,100
2023,07,SKODA,FABIA,Corporate,ICE,Gasolina,UKL1,REST,Standard,HACH 5P,No Renting,102
2023,07,SKODA,FABIA,Corporate,ICE,Gasolina,UKL1,REST,Standard,HACH 5P,Renting,33
2023,07,SKODA,FABIA,Private,ICE,Gasolina,UKL1,REST,Standard,HACH 5P,No Renting,105
2023,07,SKODA,FABIA,RAC,ICE,Gasolina,UKL1,REST,Standard,HACH 5P,No Renting,9
2023,07,SKODA,KAMIQ,Corporate,ICE,Gasolina,UKL1,REST,Standard,SAV,No Renting,69
2023,07,SKODA,KAMIQ,Corporate,ICE,Gasolina,UKL1,REST,Standard,SAV,Renting,45
2023,07,SKODA,KAMIQ,Private,ICE,Gasolina,UKL1,REST,Standard,SAV,No Renting,372
2023,07,SKODA,KAMIQ,RAC,ICE,Gasolina,UKL1,REST,Standard,SAV,No Renting,50
2023,07,SKODA,KAROQ,Corporate,ICE,Gasolina,UKL2,REST,Standard,SAT,No Renting,99
2023,07,SKODA,KAROQ,Corporate,ICE,Gasolina,UKL2,REST,Standard,SAT,Renting,331
2023,07,SKODA,KAROQ,Private,ICE,Gasolina,UKL2,REST,Standard,SAT,No Renting,298
2023,07,SKODA,KAROQ,RAC,ICE,Gasolina,UKL2,REST,Standard,SAT,No Renting,1
2023,07,SKODA,KODIAQ,Corporate,ICE,Gasolina/Electrico Enchufable,KKL,REST,Standard,SAV,No Renting,44
2023,07,SKODA,KODIAQ,Corporate,ICE,Gasolina/Electrico Enchufable,KKL,REST,Standard,SAV,Renting,44
2023,07,SKODA,KODIAQ,Private,ICE,Gasolina/Electrico Enchufable,KKL,REST,Standard,SAV,No Renting,103
2023,07,SKODA,KODIAQ,RAC,ICE,Gasolina/Electrico Enchufable,KKL,REST,Standard,SAV,No Renting,3
2023,07,SKODA,KODIAQ,RAC,ICE,Gasolina/Electrico Enchufable,KKL,REST,Standard,SAV,Renting,5
2023,07,SKODA,OCTAVIA,Corporate,ICE,Gasolina Mild Hybrid,UKL2,REST,Standard,ESTATE,No Renting,80
2023,07,SKODA,OCTAVIA,Corporate,ICE,Gasolina Mild Hybrid,UKL2,REST,Standard,ESTATE,Renting,227
2023,07,SKODA,OCTAVIA,Corporate,PHEV,Gasolina Mild Hybrid,UKL2,REST,Standard,ESTATE,No Renting,3
2023,07,SKODA,OCTAVIA,Corporate,PHEV,Gasolina Mild Hybrid,UKL2,REST,Standard,ESTATE,Renting,1
2023,07,SKODA,OCTAVIA,Private,ICE,Gasolina Mild Hybrid,UKL2,REST,Standard,ESTATE,No Renting,78
2023,07,SKODA,SCALA,Corporate,ICE,Gasolina,UKL2,REST,Standard,HACH 5P,No Renting,43
2023,07,SKODA,SCALA,Corporate,ICE,Gasolina,UKL2,REST,Standard,HACH 5P,Renting,67
2023,07,SKODA,SCALA,Private,ICE,Gasolina,UKL2,REST,Standard,HACH 5P,No Renting,101
2023,07,SKODA,SCALA,RAC,ICE,Gasolina,UKL2,REST,Standard,HACH 5P,No Renting,8
2023,07,SKODA,SUPERB,Corporate,ICE,Gasolina/Electrico Enchufable,KKL,REST,Standard,SEDAN,No Renting,10
2023,07,SKODA,SUPERB,Corporate,ICE,Gasolina/Electrico Enchufable,KKL,REST,Standard,SEDAN,Renting,8
2023,07,SKODA,SUPERB,Corporate,PHEV,Gasolina/Electrico Enchufable,KKL,REST,Standard,SEDAN,No Renting,12
2023,07,SKODA,SUPERB,Corporate,PHEV,Gasolina/Electrico Enchufable,KKL,REST,Standard,SEDAN,Renting,1
2023,07,SKODA,SUPERB,Private,ICE,Gasolina/Electrico Enchufable,KKL,REST,Standard,SEDAN,No Renting,12
2023,07,SMART,#1,Corporate,BEV,Electrico,UKL1,FOCUS SEGMENT,Standard,SAV,No Renting,7
2023,07,SMART,#1,Corporate,BEV,Electrico,UKL1,FOCUS SEGMENT,Standard,SAV,Renting,1
2023,07,SMART,#1,Private,BEV,Electrico,UKL1,FOCUS SEGMENT,Standard,SAV,No Renting,13
2023,07,SMART,EQ FORTWO CABRIO,Corporate,BEV,Electrico,,REST,Standard,,No Renting,2
2023,07,SMART,EQ FORTWO CABRIO,Private,BEV,Electrico,,REST,Standard,,No Renting,1
2023,07,SMART,EQ FORTWO COUPE,Corporate,BEV,Electrico,,REST,Standard,,No Renting,14
2023,07,SMART,EQ FORTWO COUPE,Private,BEV,Electrico,,REST,Standard,,No Renting,6
2023,07,SOCAGE,SOCAGE,RAC,ICE,Gas Licuado con petroleo (GLP),,REST,Standard,,No Renting,1
2023,07,SOCAGE,SOCAGE 15VTJ RTF E6,RAC,ICE,Diesel,,REST,Standard,,No Renting,1
2023,07,SOMONTE,M27H,Corporate,ICE,Diesel,,REST,Standard,,No Renting,1
2023,07,SORTIMO,TRANSPORTER SORTIMO,Corporate,ICE,Diesel,,REST,Standard,,Renting,18
2023,07,SSANGYONG,KORANDO K4,Corporate,ICE,Diesel,KKL,REST,Standard,SAV,No Renting,4
2023,07,SSANGYONG,KORANDO K4,Corporate,ICE,Diesel,KKL,REST,Standard,SAV,Renting,5
2023,07,SSANGYONG,KORANDO K4,Private,ICE,Diesel,KKL,REST,Standard,SAV,No Renting,20
2023,07,SSANGYONG,MUSSO,Corporate,ICE,Diesel,SKL,REST,Standard,PICKUP,No Renting,18
2023,07,SSANGYONG,MUSSO,Corporate,ICE,Diesel,SKL,REST,Standard,PICKUP,Renting,33
2023,07,SSANGYONG,MUSSO,Private,ICE,Diesel,SKL,REST,Standard,PICKUP,No Renting,6
2023,07,SSANGYONG,MUSSO GRAND,Corporate,ICE,Diesel,SKL,REST,Standard,PICKUP,No Renting,15
2023,07,SSANGYONG,MUSSO GRAND,Corporate,ICE,Diesel,SKL,REST,Standard,PICKUP,Renting,17
2023,07,SSANGYONG,MUSSO GRAND,Private,ICE,Diesel,SKL,REST,Standard,PICKUP,No Renting,6
2023,07,SSANGYONG,REXTON,Corporate,ICE,Diesel,MKL,REST,Standard,SAV,No Renting,4
2023,07,SSANGYONG,REXTON,Corporate,ICE,Diesel,MKL,REST,Standard,SAV,Renting,1
2023,07,SSANGYONG,REXTON,Private,ICE,Diesel,MKL,REST,Standard,SAV,No Renting,6
2023,07,SSANGYONG,REXTON,RAC,ICE,Diesel,MKL,REST,Standard,SAV,No Renting,8
2023,07,SSANGYONG,TIVOLI,Corporate,ICE,Gasolina,UKL1,REST,Standard,SAV,No Renting,21
2023,07,SSANGYONG,TIVOLI,Corporate,ICE,Gasolina,UKL1,REST,Standard,SAV,Renting,2
2023,07,SSANGYONG,TIVOLI,Private,ICE,Gasolina,UKL1,REST,Standard,SAV,No Renting,36
2023,07,SSANGYONG,TIVOLI,RAC,ICE,Gasolina,UKL1,REST,Standard,SAV,No Renting,37
2023,07,SSANGYONG,TORRES,Corporate,ICE,Gasolina,KKL,REST,Standard,SAV,No Renting,1
2023,07,SUBARU,BRZ,Corporate,ICE,Gasolina,UKL2,REST,Standard,COUPE,Renting,1
2023,07,SUBARU,BRZ,Private,ICE,Gasolina,UKL2,REST,Standard,COUPE,No Renting,15
2023,07,SUBARU,FORESTER,Corporate,ICE,Gasolina/Electrico,KKL,REST,Standard,SAV,No Renting,4
2023,07,SUBARU,FORESTER,Corporate,ICE,Gasolina/Electrico,KKL,REST,Standard,SAV,Renting,3
2023,07,SUBARU,FORESTER,Private,ICE,Gasolina/Electrico,KKL,REST,Standard,SAV,No Renting,11
2023,07,SUBARU,OUTBACK,Corporate,ICE,Gasolina,KKL,REST,Standard,ESTATE,No Renting,17
2023,07,SUBARU,OUTBACK,Corporate,ICE,Gasolina,KKL,REST,Standard,ESTATE,Renting,11
2023,07,SUBARU,OUTBACK,Private,ICE,Gasolina,KKL,REST,Standard,ESTATE,No Renting,17
2023,07,SUBARU,OUTBACK,RAC,ICE,Gasolina,KKL,REST,Standard,ESTATE,No Renting,3
2023,07,SUBARU,SOLTERRA,Corporate,BEV,Electrico,UKL2,REST,Standard,SAV,No Renting,2
2023,07,SUBARU,SOLTERRA,Corporate,BEV,Electrico,UKL2,REST,Standard,SAV,Renting,1
2023,07,SUBARU,XV,Corporate,ICE,Gasolina,UKL2,REST,Standard,SAV,No Renting,5
2023,07,SUBARU,XV,Corporate,ICE,Gasolina,UKL2,REST,Standard,SAV,Renting,5
2023,07,SUBARU,XV,Private,ICE,Gasolina,UKL2,REST,Standard,SAV,No Renting,25
2023,07,SUBARU,XV,RAC,ICE,Gasolina,UKL2,REST,Standard,SAV,Renting,250
2023,07,SUZUKI,IGNIS,Corporate,ICE,Gasolina Mild Hybrid,UKL0,REST,Standard,HACH 5P,No Renting,1
2023,07,SUZUKI,IGNIS,Private,ICE,Gasolina Mild Hybrid,UKL0,REST,Standard,HACH 5P,No Renting,41
2023,07,SUZUKI,JIMNY,Corporate,ICE,Gasolina,SKL,REST,Standard,TRANSPORTER,No Renting,3
2023,07,SUZUKI,JIMNY,Corporate,ICE,Gasolina,SKL,REST,Standard,TRANSPORTER,Renting,1
2023,07,SUZUKI,JIMNY,Private,ICE,Gasolina,SKL,REST,Standard,TRANSPORTER,No Renting,1
2023,07,SUZUKI,SWACE,Corporate,ICE,Gasolina/Electrico,UKL2,REST,Standard,HACH 5P,No Renting,11
2023,07,SUZUKI,SWACE,Corporate,ICE,Gasolina/Electrico,UKL2,REST,Standard,HACH 5P,Renting,99
2023,07,SUZUKI,SWACE,Private,ICE,Gasolina/Electrico,UKL2,REST,Standard,HACH 5P,No Renting,8
2023,07,SUZUKI,SWIFT,Corporate,ICE,Gasolina Mild Hybrid,UKL1,REST,Standard,HACH 5P,No Renting,6
2023,07,SUZUKI,SWIFT,Private,ICE,Gasolina Mild Hybrid,UKL1,REST,Standard,HACH 5P,No Renting,33
2023,07,SUZUKI,SX4,Corporate,ICE,Gasolina/Electrico,UKL1,REST,Standard,SAV,No Renting,32
2023,07,SUZUKI,SX4,Corporate,ICE,Gasolina/Electrico,UKL1,REST,Standard,SAV,Renting,10
2023,07,SUZUKI,SX4,Private,ICE,Gasolina/Electrico,UKL1,REST,Standard,SAV,No Renting,47
2023,07,SUZUKI,SX4,RAC,ICE,Gasolina/Electrico,UKL1,REST,Standard,SAV,No Renting,74
2023,07,SUZUKI,VITARA,Corporate,ICE,Gasolina/Electrico,UKL2,REST,Standard,SUV,No Renting,13
2023,07,SUZUKI,VITARA,Corporate,ICE,Gasolina/Electrico,UKL2,REST,Standard,SUV,Renting,2
2023,07,SUZUKI,VITARA,Private,ICE,Gasolina/Electrico,UKL2,REST,Standard,SUV,No Renting,105
2023,07,SUZUKI,VITARA,RAC,ICE,Gasolina/Electrico,UKL2,REST,Standard,SUV,No Renting,6
2023,07,TAMBRE,M21 TT,Corporate,ICE,Diesel,,REST,Standard,,No Renting,1
2023,07,TECNOCARSA,M21 TH,Corporate,ICE,Diesel,,REST,Standard,,No Renting,1
2023,07,TECNOCARSA,M27,Corporate,ICE,Diesel,,REST,Standard,,No Renting,1
2023,07,TECNOGRUA,M27H,Corporate,ICE,Diesel,,REST,Standard,,No Renting,1
2023,07,TECNOVE FIBERGLASS,M27,Corporate,ICE,Diesel,,REST,Standard,,No Renting,1
2023,07,TESLA,MODEL 3,Corporate,BEV,Electrico,KKL,FOCUS SEGMENT,Standard,SEDAN,No Renting,32
2023,07,TESLA,MODEL 3,Corporate,BEV,Electrico,KKL,FOCUS SEGMENT,Standard,SEDAN,Renting,10
2023,07,TESLA,MODEL 3,Private,BEV,Electrico,KKL,FOCUS SEGMENT,Standard,SEDAN,No Renting,237
2023,07,TESLA,MODEL 3,RAC,BEV,Electrico,KKL,FOCUS SEGMENT,Standard,SEDAN,No Renting,75
2023,07,TESLA,MODEL 3,RAC,BEV,Electrico,KKL,FOCUS SEGMENT,Standard,SEDAN,Renting,75
2023,07,TESLA,MODEL S,Corporate,BEV,Electrico,GKL,FOCUS SEGMENT,Standard,SEDAN,No Renting,3
2023,07,TESLA,MODEL S,Corporate,BEV,Electrico,GKL,FOCUS SEGMENT,Standard,SEDAN,Renting,2
2023,07,TESLA,MODEL X,Corporate,BEV,Electrico,GKL,FOCUS SEGMENT,Standard,SAT,No Renting,4
2023,07,TESLA,MODEL X,Private,BEV,Electrico,GKL,FOCUS SEGMENT,Standard,SAT,No Renting,1
2023,07,TESLA,MODEL Y,Corporate,BEV,Electrico,KKL,FOCUS SEGMENT,Standard,SAT,No Renting,56
2023,07,TESLA,MODEL Y,Corporate,BEV,Electrico,KKL,FOCUS SEGMENT,Standard,SAT,Renting,41
2023,07,TESLA,MODEL Y,Private,BEV,Electrico,KKL,FOCUS SEGMENT,Standard,SAT,No Renting,206
2023,07,TOYOTA,AYGO X,Corporate,ICE,Gasolina/Electrico,UKL0,REST,Standard,HACH 5P,No Renting,124
2023,07,TOYOTA,AYGO X,Corporate,ICE,Gasolina/Electrico,UKL0,REST,Standard,HACH 5P,Renting,72
2023,07,TOYOTA,AYGO X,Private,ICE,Gasolina/Electrico,UKL0,REST,Standard,HACH 5P,No Renting,334
2023,07,TOYOTA,AYGO X,RAC,ICE,Gasolina/Electrico,UKL0,REST,Standard,HACH 5P,No Renting,92
2023,07,TOYOTA,AYGO X,RAC,ICE,Gasolina/Electrico,UKL0,REST,Standard,HACH 5P,Renting,1
2023,07,TOYOTA,BZ4X,Corporate,BEV,Electrico,UKL2,REST,Standard,SAV,No Renting,10
2023,07,TOYOTA,BZ4X,Corporate,BEV,Electrico,UKL2,REST,Standard,SAV,Renting,3
2023,07,TOYOTA,BZ4X,Private,BEV,Electrico,UKL2,REST,Standard,SAV,No Renting,19
2023,07,TOYOTA,C-HR,Corporate,ICE,Gasolina/Electrico Enchufable,UKL1,REST,Standard,SAV,No Renting,225
2023,07,TOYOTA,C-HR,Corporate,ICE,Gasolina/Electrico Enchufable,UKL1,REST,Standard,SAV,Renting,257
2023,07,TOYOTA,C-HR,Private,ICE,Gasolina/Electrico Enchufable,UKL1,REST,Standard,SAV,No Renting,836
2023,07,TOYOTA,C-HR,RAC,ICE,Gasolina/Electrico Enchufable,UKL1,REST,Standard,SAV,No Renting,159
2023,07,TOYOTA,C-HR,RAC,ICE,Gasolina/Electrico Enchufable,UKL1,REST,Standard,SAV,Renting,23
2023,07,TOYOTA,CAMRY,Corporate,ICE,Gasolina/Electrico,KKL,REST,Standard,SEDAN,No Renting,3
2023,07,TOYOTA,CAMRY,Corporate,ICE,Gasolina/Electrico,KKL,REST,Standard,SEDAN,Renting,1
2023,07,TOYOTA,CAMRY,Private,ICE,Gasolina/Electrico,KKL,REST,Standard,SEDAN,No Renting,8
2023,07,TOYOTA,COROLLA,Corporate,ICE,Gasolina/Electrico,UKL2,REST,Standard,HACH 5P,No Renting,327
2023,07,TOYOTA,COROLLA,Corporate,ICE,Gasolina/Electrico,UKL2,REST,Standard,HACH 5P,Renting,319
2023,07,TOYOTA,COROLLA,Private,ICE,Gasolina/Electrico,UKL2,REST,Standard,HACH 5P,No Renting,1236
2023,07,TOYOTA,COROLLA,RAC,ICE,Gasolina/Electrico,UKL2,REST,Standard,HACH 5P,No Renting,2
2023,07,TOYOTA,COROLLA,RAC,ICE,Gasolina/Electrico,UKL2,REST,Standard,HACH 5P,Renting,4
2023,07,TOYOTA,GR YARIS,Corporate,ICE,Gasolina,UKL1,REST,Standard,HACH 3P,No Renting,2
2023,07,TOYOTA,GR YARIS,Private,ICE,Gasolina,UKL1,REST,Standard,HACH 3P,No Renting,4
2023,07,TOYOTA,GR86,Corporate,ICE,Gasolina,UKL2,REST,Standard,COUPE,No Renting,3
2023,07,TOYOTA,GR86,Private,ICE,Gasolina,UKL2,REST,Standard,COUPE,No Renting,14
2023,07,TOYOTA,HI LUX,Corporate,ICE,Electrico,SKL,REST,Standard,PICKUP,No Renting,281
2023,07,TOYOTA,HI LUX,Corporate,ICE,Electrico,SKL,REST,Standard,PICKUP,Renting,89
2023,07,TOYOTA,HI LUX,Private,ICE,Electrico,SKL,REST,Standard,PICKUP,No Renting,92
2023,07,TOYOTA,HI LUX,RAC,ICE,Electrico,SKL,REST,Standard,PICKUP,No Renting,4
2023,07,TOYOTA,HIGHLANDER,Corporate,ICE,Gasolina/Electrico,MKL,REST,Standard,SUV,No Renting,1
2023,07,TOYOTA,LAND CRUISER,Corporate,ICE,Diesel Mild Hybrid,GKL,REST,Standard,SUV,No Renting,48
2023,07,TOYOTA,LAND CRUISER,Corporate,ICE,Diesel Mild Hybrid,GKL,REST,Standard,SUV,Renting,21
2023,07,TOYOTA,LAND CRUISER,Private,ICE,Diesel Mild Hybrid,GKL,REST,Standard,SUV,No Renting,39
2023,07,TOYOTA,MIRAI,Corporate,ICE,Hidrogeno,MKL,REST,Standard,SEDAN,Renting,3
2023,07,TOYOTA,PROACE,Corporate,BEV,Electrico,SKL,REST,Standard,TRANSPORTER,No Renting,8
2023,07,TOYOTA,PROACE,Corporate,BEV,Electrico,SKL,REST,Standard,TRANSPORTER,Renting,5
2023,07,TOYOTA,PROACE,Corporate,ICE,Electrico,SKL,REST,Standard,TRANSPORTER,No Renting,80
2023,07,TOYOTA,PROACE,Corporate,ICE,Electrico,SKL,REST,Standard,TRANSPORTER,Renting,31
2023,07,TOYOTA,PROACE,Private,BEV,Electrico,SKL,REST,Standard,TRANSPORTER,No Renting,1
2023,07,TOYOTA,PROACE,Private,ICE,Electrico,SKL,REST,Standard,TRANSPORTER,No Renting,55
2023,07,TOYOTA,PROACE,RAC,ICE,Electrico,SKL,REST,Standard,TRANSPORTER,No Renting,8
2023,07,TOYOTA,PROACE,RAC,ICE,Electrico,SKL,REST,Standard,TRANSPORTER,Renting,2
2023,07,TOYOTA,PROACE CITY,Corporate,BEV,Electrico,SKL,REST,Standard,TRANSPORTER,No Renting,17
2023,07,TOYOTA,PROACE CITY,Corporate,BEV,Electrico,SKL,REST,Standard,TRANSPORTER,Renting,4
2023,07,TOYOTA,PROACE CITY,Corporate,ICE,Electrico,SKL,REST,Standard,TRANSPORTER,No Renting,37
2023,07,TOYOTA,PROACE CITY,Corporate,ICE,Electrico,SKL,REST,Standard,TRANSPORTER,Renting,72
2023,07,TOYOTA,PROACE CITY,Private,ICE,Electrico,SKL,REST,Standard,TRANSPORTER,No Renting,7
2023,07,TOYOTA,PROACE VERSO,Corporate,BEV,Gasolina,SKL,REST,Standard,TRANSPORTER,No Renting,2
2023,07,TOYOTA,PROACE VERSO,Corporate,BEV,Gasolina,SKL,REST,Standard,TRANSPORTER,Renting,6
2023,07,TOYOTA,PROACE VERSO,Corporate,ICE,Gasolina,SKL,REST,Standard,TRANSPORTER,No Renting,95
2023,07,TOYOTA,PROACE VERSO,Corporate,ICE,Gasolina,SKL,REST,Standard,TRANSPORTER,Renting,57
2023,07,TOYOTA,PROACE VERSO,Private,ICE,Gasolina,SKL,REST,Standard,TRANSPORTER,No Renting,89
2023,07,TOYOTA,PROACE VERSO,RAC,ICE,Gasolina,SKL,REST,Standard,TRANSPORTER,No Renting,36
2023,07,TOYOTA,RAV 4,Corporate,ICE,Gasolina/Electrico Enchufable,UKL2,REST,Standard,SAV,No Renting,93
2023,07,TOYOTA,RAV 4,Corporate,ICE,Gasolina/Electrico Enchufable,UKL2,REST,Standard,SAV,Renting,109
2023,07,TOYOTA,RAV 4,Corporate,PHEV,Gasolina/Electrico Enchufable,UKL2,REST,Standard,SAV,No Renting,18
2023,07,TOYOTA,RAV 4,Corporate,PHEV,Gasolina/Electrico Enchufable,UKL2,REST,Standard,SAV,Renting,17
2023,07,TOYOTA,RAV 4,Private,ICE,Gasolina/Electrico Enchufable,UKL2,REST,Standard,SAV,No Renting,378
2023,07,TOYOTA,RAV 4,Private,PHEV,Gasolina/Electrico Enchufable,UKL2,REST,Standard,SAV,No Renting,52
2023,07,TOYOTA,RAV 4,RAC,ICE,Gasolina/Electrico Enchufable,UKL2,REST,Standard,SAV,Renting,1
2023,07,TOYOTA,SUPRA,Private,ICE,Gasolina,KKL,REST,Standard,COUPE,No Renting,2
2023,07,TOYOTA,VENZA,Corporate,ICE,Gasolina,,REST,Standard,,No Renting,1
2023,07,TOYOTA,YARIS,Corporate,ICE,Gasolina/Electrico,UKL1,REST,Standard,HACH 5P,No Renting,149
2023,07,TOYOTA,YARIS,Corporate,ICE,Gasolina/Electrico,UKL1,REST,Standard,HACH 5P,Renting,215
2023,07,TOYOTA,YARIS,Private,ICE,Gasolina/Electrico,UKL1,REST,Standard,HACH 5P,No Renting,882
2023,07,TOYOTA,YARIS,RAC,ICE,Gasolina/Electrico,UKL1,REST,Standard,HACH 5P,No Renting,37
2023,07,TOYOTA,YARIS,RAC,ICE,Gasolina/Electrico,UKL1,REST,Standard,HACH 5P,Renting,6
2023,07,TOYOTA,YARIS CROSS,Corporate,ICE,Gasolina/Electrico,UKL1,REST,Standard,SAV,No Renting,94
2023,07,TOYOTA,YARIS CROSS,Corporate,ICE,Gasolina/Electrico,UKL1,REST,Standard,SAV,Renting,182
2023,07,TOYOTA,YARIS CROSS,Private,ICE,Gasolina/Electrico,UKL1,REST,Standard,SAV,No Renting,895
2023,07,TOYOTA,YARIS CROSS,RAC,ICE,Gasolina/Electrico,UKL1,REST,Standard,SAV,No Renting,16
2023,07,TVI,MAXUS EDELIVER 9,Corporate,BEV,Electrico,,REST,Standard,,No Renting,3
2023,07,UREÑA,MASTER ESSENTIAL-CCA,Corporate,ICE,Diesel,,REST,Standard,,No Renting,2
2023,07,VALLEJO,M21,Corporate,ICE,Diesel,,REST,Standard,,No Renting,1
2023,07,VEMASUR,D MAX N60 BB,RAC,ICE,Diesel,,REST,Standard,,No Renting,1
2023,07,VEMASUR,D-MAX N60 BB,Corporate,ICE,Diesel,,REST,Standard,,No Renting,1
2023,07,VEMASUR,M21T,Corporate,ICE,Diesel,,REST,Standard,,No Renting,1
2023,07,VESYRO,35C16,Corporate,ICE,Diesel,,REST,Standard,,No Renting,1
2023,07,VOLCAT,SPRINTER,Corporate,ICE,Diesel,,REST,Standard,,No Renting,1
2023,07,VOLKSWAGEN,AMAROK,Corporate,ICE,Diesel,SKL,REST,Standard,PICKUP,No Renting,21
2023,07,VOLKSWAGEN,AMAROK,Private,ICE,Diesel,SKL,REST,Standard,PICKUP,No Renting,1
2023,07,VOLKSWAGEN,AMAROK,RAC,ICE,Diesel,SKL,REST,Standard,PICKUP,No Renting,1
2023,07,VOLKSWAGEN,ARTEON,Corporate,ICE,Diesel,KKL,REST,Standard,SEDAN,No Renting,20
2023,07,VOLKSWAGEN,ARTEON,Corporate,ICE,Diesel,KKL,REST,Standard,SEDAN,Renting,24
2023,07,VOLKSWAGEN,ARTEON,Corporate,PHEV,Diesel,KKL,REST,Standard,SEDAN,No Renting,1
2023,07,VOLKSWAGEN,ARTEON,Corporate,PHEV,Diesel,KKL,REST,Standard,SEDAN,Renting,3
2023,07,VOLKSWAGEN,ARTEON,Private,ICE,Diesel,KKL,REST,Standard,SEDAN,No Renting,1
2023,07,VOLKSWAGEN,CADDY,Corporate,ICE,Gasolina/Electrico Enchufable,SKL,REST,Standard,TRANSPORTER,No Renting,69
2023,07,VOLKSWAGEN,CADDY,Corporate,ICE,Gasolina/Electrico Enchufable,SKL,REST,Standard,TRANSPORTER,Renting,58
2023,07,VOLKSWAGEN,CADDY,Private,ICE,Gasolina/Electrico Enchufable,SKL,REST,Standard,TRANSPORTER,No Renting,88
2023,07,VOLKSWAGEN,CADDY,RAC,ICE,Gasolina/Electrico Enchufable,SKL,REST,Standard,TRANSPORTER,No Renting,63
2023,07,VOLKSWAGEN,CADDY,RAC,ICE,Gasolina/Electrico Enchufable,SKL,REST,Standard,TRANSPORTER,Renting,38
2023,07,VOLKSWAGEN,CALIFORNIA,Corporate,ICE,Gasolina/Electrico Enchufable,SKL,REST,Standard,TRANSPORTER,No Renting,17
2023,07,VOLKSWAGEN,CALIFORNIA,Corporate,ICE,Gasolina/Electrico Enchufable,SKL,REST,Standard,TRANSPORTER,Renting,5
2023,07,VOLKSWAGEN,CALIFORNIA,Private,ICE,Gasolina/Electrico Enchufable,SKL,REST,Standard,TRANSPORTER,No Renting,112
2023,07,VOLKSWAGEN,CALIFORNIA,RAC,ICE,Gasolina/Electrico Enchufable,SKL,REST,Standard,TRANSPORTER,No Renting,35
2023,07,VOLKSWAGEN,CARAVELLE,Corporate,ICE,Gasolina/Electrico Enchufable,SKL,REST,Standard,TRANSPORTER,No Renting,40
2023,07,VOLKSWAGEN,CARAVELLE,Corporate,ICE,Gasolina/Electrico Enchufable,SKL,REST,Standard,TRANSPORTER,Renting,6
2023,07,VOLKSWAGEN,CARAVELLE,Private,ICE,Gasolina/Electrico Enchufable,SKL,REST,Standard,TRANSPORTER,No Renting,21
2023,07,VOLKSWAGEN,CARAVELLE,RAC,ICE,Gasolina/Electrico Enchufable,SKL,REST,Standard,TRANSPORTER,No Renting,105
2023,07,VOLKSWAGEN,CARAVELLE,RAC,ICE,Gasolina/Electrico Enchufable,SKL,REST,Standard,TRANSPORTER,Renting,97
2023,07,VOLKSWAGEN,CRAFTER,Corporate,ICE,Diesel,SKL,REST,Standard,TRANSPORTER,No Renting,76
2023,07,VOLKSWAGEN,CRAFTER,Corporate,ICE,Diesel,SKL,REST,Standard,TRANSPORTER,Renting,32
2023,07,VOLKSWAGEN,CRAFTER,Private,ICE,Diesel,SKL,REST,Standard,TRANSPORTER,No Renting,42
2023,07,VOLKSWAGEN,CRAFTER,RAC,ICE,Diesel,SKL,REST,Standard,TRANSPORTER,No Renting,27
2023,07,VOLKSWAGEN,CRAFTER,RAC,ICE,Diesel,SKL,REST,Standard,TRANSPORTER,Renting,2
2023,07,VOLKSWAGEN,GOLF,Corporate,ICE,Gasolina/Electrico Enchufable,UKL2,REST,Standard,HACH 5P,No Renting,102
2023,07,VOLKSWAGEN,GOLF,Corporate,ICE,Gasolina/Electrico Enchufable,UKL2,REST,Standard,HACH 5P,Renting,170
2023,07,VOLKSWAGEN,GOLF,Corporate,PHEV,Gasolina/Electrico Enchufable,UKL2,REST,Standard,HACH 5P,No Renting,8
2023,07,VOLKSWAGEN,GOLF,Corporate,PHEV,Gasolina/Electrico Enchufable,UKL2,REST,Standard,HACH 5P,Renting,4
2023,07,VOLKSWAGEN,GOLF,Private,ICE,Gasolina/Electrico Enchufable,UKL2,REST,Standard,HACH 5P,No Renting,133
2023,07,VOLKSWAGEN,GOLF,Private,PHEV,Gasolina/Electrico Enchufable,UKL2,REST,Standard,HACH 5P,No Renting,1
2023,07,VOLKSWAGEN,GOLF,RAC,ICE,Gasolina/Electrico Enchufable,UKL2,REST,Standard,HACH 5P,No Renting,68
2023,07,VOLKSWAGEN,GOLF,RAC,ICE,Gasolina/Electrico Enchufable,UKL2,REST,Standard,HACH 5P,Renting,128
2023,07,VOLKSWAGEN,ID.3,Corporate,BEV,Electrico,UKL2,REST,Standard,HACH 5P,No Renting,113
2023,07,VOLKSWAGEN,ID.3,Corporate,BEV,Electrico,UKL2,REST,Standard,HACH 5P,Renting,11
2023,07,VOLKSWAGEN,ID.3,Private,BEV,Electrico,UKL2,REST,Standard,HACH 5P,No Renting,20
2023,07,VOLKSWAGEN,ID.4,Corporate,BEV,Electrico,UKL2,REST,Standard,SAV,No Renting,6
2023,07,VOLKSWAGEN,ID.4,Corporate,BEV,Electrico,UKL2,REST,Standard,SAV,Renting,43
2023,07,VOLKSWAGEN,ID.4,Private,BEV,Electrico,UKL2,REST,Standard,SAV,No Renting,10
2023,07,VOLKSWAGEN,ID.4,RAC,BEV,Electrico,UKL2,REST,Standard,SAV,Renting,110
2023,07,VOLKSWAGEN,ID.5,Corporate,BEV,Electrico,UKL2,REST,Standard,SAV,No Renting,3
2023,07,VOLKSWAGEN,ID.5,Corporate,BEV,Electrico,UKL2,REST,Standard,SAV,Renting,3
2023,07,VOLKSWAGEN,ID.5,Private,BEV,Electrico,UKL2,REST,Standard,SAV,No Renting,3
2023,07,VOLKSWAGEN,ID.BUZZ,Corporate,BEV,Electrico,SKL,REST,Standard,TRANSPORTER,No Renting,65
2023,07,VOLKSWAGEN,ID.BUZZ,Corporate,BEV,Electrico,SKL,REST,Standard,TRANSPORTER,Renting,5
2023,07,VOLKSWAGEN,ID.BUZZ,Private,BEV,Electrico,SKL,REST,Standard,TRANSPORTER,No Renting,14
2023,07,VOLKSWAGEN,JETTA,Corporate,ICE,Gasolina,,REST,Standard,,No Renting,2
2023,07,VOLKSWAGEN,MULTIVAN,Corporate,ICE,Gasolina/Electrico Enchufable,SKL,REST,Standard,TRANSPORTER,No Renting,9
2023,07,VOLKSWAGEN,MULTIVAN,Corporate,ICE,Gasolina/Electrico Enchufable,SKL,REST,Standard,TRANSPORTER,Renting,2
2023,07,VOLKSWAGEN,MULTIVAN,Corporate,PHEV,Gasolina/Electrico Enchufable,SKL,REST,Standard,TRANSPORTER,No Renting,8
2023,07,VOLKSWAGEN,MULTIVAN,Corporate,PHEV,Gasolina/Electrico Enchufable,SKL,REST,Standard,TRANSPORTER,Renting,6
2023,07,VOLKSWAGEN,MULTIVAN,Private,ICE,Gasolina/Electrico Enchufable,SKL,REST,Standard,TRANSPORTER,No Renting,11
2023,07,VOLKSWAGEN,MULTIVAN,Private,PHEV,Gasolina/Electrico Enchufable,SKL,REST,Standard,TRANSPORTER,No Renting,21
2023,07,VOLKSWAGEN,PASSAT,Corporate,ICE,Gasolina/Electrico Enchufable,KKL,REST,Standard,ESTATE,No Renting,6
2023,07,VOLKSWAGEN,PASSAT,Corporate,ICE,Gasolina/Electrico Enchufable,KKL,REST,Standard,ESTATE,Renting,45
2023,07,VOLKSWAGEN,PASSAT,Corporate,PHEV,Gasolina/Electrico Enchufable,KKL,REST,Standard,ESTATE,No Renting,1
2023,07,VOLKSWAGEN,PASSAT,Corporate,PHEV,Gasolina/Electrico Enchufable,KKL,REST,Standard,ESTATE,Renting,1
2023,07,VOLKSWAGEN,PASSAT,Private,ICE,Gasolina/Electrico Enchufable,KKL,REST,Standard,ESTATE,No Renting,1
2023,07,VOLKSWAGEN,POLO,Corporate,ICE,Gasolina,UKL1,REST,Standard,HACH 5P,No Renting,124
2023,07,VOLKSWAGEN,POLO,Corporate,ICE,Gasolina,UKL1,REST,Standard,HACH 5P,Renting,169
2023,07,VOLKSWAGEN,POLO,Private,ICE,Gasolina,UKL1,REST,Standard,HACH 5P,No Renting,184
2023,07,VOLKSWAGEN,POLO,RAC,ICE,Gasolina,UKL1,REST,Standard,HACH 5P,No Renting,322
2023,07,VOLKSWAGEN,POLO,RAC,ICE,Gasolina,UKL1,REST,Standard,HACH 5P,Renting,98
2023,07,VOLKSWAGEN,T-CROSS,Corporate,ICE,Gasolina,UKL1,REST,Standard,SAV,No Renting,150
2023,07,VOLKSWAGEN,T-CROSS,Corporate,ICE,Gasolina,UKL1,REST,Standard,SAV,Renting,295
2023,07,VOLKSWAGEN,T-CROSS,Private,ICE,Gasolina,UKL1,REST,Standard,SAV,No Renting,246
2023,07,VOLKSWAGEN,T-CROSS,RAC,ICE,Gasolina,UKL1,REST,Standard,SAV,No Renting,107
2023,07,VOLKSWAGEN,T-CROSS,RAC,ICE,Gasolina,UKL1,REST,Standard,SAV,Renting,9
2023,07,VOLKSWAGEN,T-ROC,Corporate,ICE,Gasolina Mild Hybrid,UKL2,REST,Standard,SAV,No Renting,1
2023,07,VOLKSWAGEN,T-ROC,Corporate,ICE,Gasolina Mild Hybrid,UKL2,REST,Standard,SAV,No Renting,149
2023,07,VOLKSWAGEN,T-ROC,Corporate,ICE,Gasolina Mild Hybrid,UKL2,REST,Standard,SAV,Renting,589
2023,07,VOLKSWAGEN,T-ROC,Private,ICE,Gasolina Mild Hybrid,UKL2,REST,Standard,SAV,No Renting,625
2023,07,VOLKSWAGEN,T-ROC,RAC,ICE,Gasolina Mild Hybrid,UKL2,REST,Standard,SAV,No Renting,257
2023,07,VOLKSWAGEN,T-ROC,RAC,ICE,Gasolina Mild Hybrid,UKL2,REST,Standard,SAV,Renting,26
2023,07,VOLKSWAGEN,TAIGO,Corporate,ICE,Gasolina,UKL1,REST,Standard,SAV,No Renting,197
2023,07,VOLKSWAGEN,TAIGO,Corporate,ICE,Gasolina,UKL1,REST,Standard,SAV,Renting,171
2023,07,VOLKSWAGEN,TAIGO,Private,ICE,Gasolina,UKL1,REST,Standard,SAV,No Renting,204
2023,07,VOLKSWAGEN,TAIGO,RAC,ICE,Gasolina,UKL1,REST,Standard,SAV,No Renting,132
2023,07,VOLKSWAGEN,TAIGO,RAC,ICE,Gasolina,UKL1,REST,Standard,SAV,Renting,96
2023,07,VOLKSWAGEN,TIGUAN,Corporate,ICE,Gasolina/Electrico Enchufable,UKL2,REST,Standard,SAV,No Renting,147
2023,07,VOLKSWAGEN,TIGUAN,Corporate,ICE,Gasolina/Electrico Enchufable,UKL2,REST,Standard,SAV,Renting,312
2023,07,VOLKSWAGEN,TIGUAN,Corporate,PHEV,Gasolina/Electrico Enchufable,UKL2,REST,Standard,SAV,No Renting,25
2023,07,VOLKSWAGEN,TIGUAN,Corporate,PHEV,Gasolina/Electrico Enchufable,UKL2,REST,Standard,SAV,Renting,33
2023,07,VOLKSWAGEN,TIGUAN,Private,ICE,Gasolina/Electrico Enchufable,UKL2,REST,Standard,SAV,No Renting,233
2023,07,VOLKSWAGEN,TIGUAN,Private,PHEV,Gasolina/Electrico Enchufable,UKL2,REST,Standard,SAV,No Renting,20
2023,07,VOLKSWAGEN,TIGUAN,RAC,ICE,Gasolina/Electrico Enchufable,UKL2,REST,Standard,SAV,No Renting,19
2023,07,VOLKSWAGEN,TIGUAN,RAC,ICE,Gasolina/Electrico Enchufable,UKL2,REST,Standard,SAV,Renting,6
2023,07,VOLKSWAGEN,TOUAREG,Corporate,ICE,Gasolina/Electrico Enchufable,MKL,REST,Standard,SAV,No Renting,20
2023,07,VOLKSWAGEN,TOUAREG,Corporate,ICE,Gasolina/Electrico Enchufable,MKL,REST,Standard,SAV,Renting,10
2023,07,VOLKSWAGEN,TOUAREG,Corporate,PHEV,Gasolina/Electrico Enchufable,MKL,REST,Standard,SAV,No Renting,8
2023,07,VOLKSWAGEN,TOUAREG,Corporate,PHEV,Gasolina/Electrico Enchufable,MKL,REST,Standard,SAV,Renting,37
2023,07,VOLKSWAGEN,TOUAREG,Private,ICE,Gasolina/Electrico Enchufable,MKL,REST,Standard,SAV,No Renting,7
2023,07,VOLKSWAGEN,TOUAREG,Private,PHEV,Gasolina/Electrico Enchufable,MKL,REST,Standard,SAV,No Renting,2
2023,07,VOLKSWAGEN,TOURAN,Corporate,ICE,Gasolina,UKL2,REST,Standard,MPV,No Renting,14
2023,07,VOLKSWAGEN,TOURAN,Corporate,ICE,Gasolina,UKL2,REST,Standard,MPV,Renting,53
2023,07,VOLKSWAGEN,TOURAN,Private,ICE,Gasolina,UKL2,REST,Standard,MPV,No Renting,17
2023,07,VOLKSWAGEN,TRANSPORTER,Corporate,ICE,Gasolina/Electrico Enchufable,SKL,REST,Standard,TRANSPORTER,No Renting,23
2023,07,VOLKSWAGEN,TRANSPORTER,Corporate,ICE,Gasolina/Electrico Enchufable,SKL,REST,Standard,TRANSPORTER,Renting,21
2023,07,VOLKSWAGEN,TRANSPORTER,Private,ICE,Gasolina/Electrico Enchufable,SKL,REST,Standard,TRANSPORTER,No Renting,2
2023,07,VOLKSWAGEN,TRANSPORTER,RAC,ICE,Gasolina/Electrico Enchufable,SKL,REST,Standard,TRANSPORTER,No Renting,6
2023,07,VOLKSWAGEN,TRANSPORTER,RAC,ICE,Gasolina/Electrico Enchufable,SKL,REST,Standard,TRANSPORTER,Renting,3
2023,07,VOLKSWAGEN,TRANSPOTER 19 TDI,Private,ICE,Diesel,,REST,Standard,,No Renting,1
2023,07,VOLVO,C40,Corporate,BEV,Electrico,UKL2,FOCUS SEGMENT,Standard,SAV,No Renting,6
2023,07,VOLVO,C40,Corporate,BEV,Electrico,UKL2,FOCUS SEGMENT,Standard,SAV,Renting,1
2023,07,VOLVO,C40,Private,BEV,Electrico,UKL2,FOCUS SEGMENT,Standard,SAV,No Renting,11
2023,07,VOLVO,S60,Corporate,ICE,Gasolina/Electrico Enchufable,KKL,FOCUS SEGMENT,Standard,SEDAN,No Renting,1
2023,07,VOLVO,S60,Corporate,ICE,Gasolina/Electrico Enchufable,KKL,FOCUS SEGMENT,Standard,SEDAN,Renting,3
2023,07,VOLVO,S60,Corporate,PHEV,Gasolina/Electrico Enchufable,KKL,FOCUS SEGMENT,Standard,SEDAN,Renting,1
2023,07,VOLVO,S60,Private,ICE,Gasolina/Electrico Enchufable,KKL,FOCUS SEGMENT,Standard,SEDAN,No Renting,2
2023,07,VOLVO,S90,Corporate,ICE,Diesel Mild Hybrid,MKL,FOCUS SEGMENT,Standard,SEDAN,No Renting,1
2023,07,VOLVO,V60,Corporate,ICE,Gasolina/Electrico Enchufable,KKL,FOCUS SEGMENT,Standard,ESTATE,No Renting,3
2023,07,VOLVO,V60,Corporate,ICE,Gasolina/Electrico Enchufable,KKL,FOCUS SEGMENT,Standard,ESTATE,Renting,15
2023,07,VOLVO,V60,Corporate,PHEV,Gasolina/Electrico Enchufable,KKL,FOCUS SEGMENT,Standard,ESTATE,Renting,12
2023,07,VOLVO,V60,Private,ICE,Gasolina/Electrico Enchufable,KKL,FOCUS SEGMENT,Standard,ESTATE,No Renting,5
2023,07,VOLVO,V60,Private,PHEV,Gasolina/Electrico Enchufable,KKL,FOCUS SEGMENT,Standard,ESTATE,No Renting,1
2023,07,VOLVO,V60,RAC,ICE,Gasolina/Electrico Enchufable,KKL,FOCUS SEGMENT,Standard,ESTATE,No Renting,3
2023,07,VOLVO,V90,Corporate,ICE,Gasolina/Electrico Enchufable,MKL,FOCUS SEGMENT,Standard,ESTATE,No Renting,4
2023,07,VOLVO,V90,Corporate,ICE,Gasolina/Electrico Enchufable,MKL,FOCUS SEGMENT,Standard,ESTATE,Renting,5
2023,07,VOLVO,V90,Corporate,PHEV,Gasolina/Electrico Enchufable,MKL,FOCUS SEGMENT,Standard,ESTATE,No Renting,1
2023,07,VOLVO,V90,Corporate,PHEV,Gasolina/Electrico Enchufable,MKL,FOCUS SEGMENT,Standard,ESTATE,Renting,1
2023,07,VOLVO,V90,Private,ICE,Gasolina/Electrico Enchufable,MKL,FOCUS SEGMENT,Standard,ESTATE,No Renting,1
2023,07,VOLVO,XC40,Corporate,BEV,Gasolina Mild Hybrid,UKL2,FOCUS SEGMENT,Standard,SAV,No Renting,13
2023,07,VOLVO,XC40,Corporate,BEV,Gasolina Mild Hybrid,UKL2,FOCUS SEGMENT,Standard,SAV,Renting,4
2023,07,VOLVO,XC40,Corporate,ICE,Gasolina Mild Hybrid,UKL2,FOCUS SEGMENT,Standard,SAV,No Renting,40
2023,07,VOLVO,XC40,Corporate,ICE,Gasolina Mild Hybrid,UKL2,FOCUS SEGMENT,Standard,SAV,Renting,196
2023,07,VOLVO,XC40,Corporate,PHEV,Gasolina Mild Hybrid,UKL2,FOCUS SEGMENT,Standard,SAV,No Renting,80
2023,07,VOLVO,XC40,Corporate,PHEV,Gasolina Mild Hybrid,UKL2,FOCUS SEGMENT,Standard,SAV,Renting,216
2023,07,VOLVO,XC40,Private,BEV,Gasolina Mild Hybrid,UKL2,FOCUS SEGMENT,Standard,SAV,No Renting,20
2023,07,VOLVO,XC40,Private,ICE,Gasolina Mild Hybrid,UKL2,FOCUS SEGMENT,Standard,SAV,No Renting,346
2023,07,VOLVO,XC40,Private,PHEV,Gasolina Mild Hybrid,UKL2,FOCUS SEGMENT,Standard,SAV,No Renting,107
2023,07,VOLVO,XC40,RAC,ICE,Gasolina Mild Hybrid,UKL2,FOCUS SEGMENT,Standard,SAV,No Renting,90
2023,07,VOLVO,XC40,RAC,PHEV,Gasolina Mild Hybrid,UKL2,FOCUS SEGMENT,Standard,SAV,No Renting,11
2023,07,VOLVO,XC60,Corporate,ICE,Gasolina/Electrico Enchufable,KKL,FOCUS SEGMENT,Standard,SAV,No Renting,21
2023,07,VOLVO,XC60,Corporate,ICE,Gasolina/Electrico Enchufable,KKL,FOCUS SEGMENT,Standard,SAV,Renting,70
2023,07,VOLVO,XC60,Corporate,PHEV,Gasolina/Electrico Enchufable,KKL,FOCUS SEGMENT,Standard,SAV,No Renting,32
2023,07,VOLVO,XC60,Corporate,PHEV,Gasolina/Electrico Enchufable,KKL,FOCUS SEGMENT,Standard,SAV,Renting,81
2023,07,VOLVO,XC60,Private,ICE,Gasolina/Electrico Enchufable,KKL,FOCUS SEGMENT,Standard,SAV,No Renting,31
2023,07,VOLVO,XC60,Private,PHEV,Gasolina/Electrico Enchufable,KKL,FOCUS SEGMENT,Standard,SAV,No Renting,20
2023,07,VOLVO,XC60,RAC,ICE,Gasolina/Electrico Enchufable,KKL,FOCUS SEGMENT,Standard,SAV,No Renting,52
2023,07,VOLVO,XC60,RAC,PHEV,Gasolina/Electrico Enchufable,KKL,FOCUS SEGMENT,Standard,SAV,No Renting,27
2023,07,VOLVO,XC90,Corporate,ICE,Gasolina/Electrico Enchufable,MKL,FOCUS SEGMENT,Standard,SAV,No Renting,6
2023,07,VOLVO,XC90,Corporate,ICE,Gasolina/Electrico Enchufable,MKL,FOCUS SEGMENT,Standard,SAV,Renting,11
2023,07,VOLVO,XC90,Corporate,PHEV,Gasolina/Electrico Enchufable,MKL,FOCUS SEGMENT,Standard,SAV,No Renting,9
2023,07,VOLVO,XC90,Corporate,PHEV,Gasolina/Electrico Enchufable,MKL,FOCUS SEGMENT,Standard,SAV,Renting,52
2023,07,VOLVO,XC90,Private,ICE,Gasolina/Electrico Enchufable,MKL,FOCUS SEGMENT,Standard,SAV,No Renting,5
2023,07,VOLVO,XC90,Private,PHEV,Gasolina/Electrico Enchufable,MKL,FOCUS SEGMENT,Standard,SAV,No Renting,3
2023,07,VOLVO,XC90,RAC,ICE,Gasolina/Electrico Enchufable,MKL,FOCUS SEGMENT,Standard,SAV,No Renting,63
2023,07,ZAGO,SANDERO VAN ZAGO,Corporate,ICE,Gas Licuado con petroleo (GLP),,REST,Standard,,Renting,1
2023,07,ZAGO AUTOMOTIVE,KOMBI,Private,ICE,Diesel,,REST,Standard,,No Renting,1
2023,07,ZAGO AUTOMOTIVE,M66UA43M5100,Corporate,ICE,Gasolina,,REST,Standard,,No Renting,1
2023,07,ZAGO AUTOMOTIVE,MT5UA4LN2100,Corporate,ICE,Gas Licuado con petroleo (GLP),,REST,Standard,,Renting,1
