anyo,mes,dia,marca,modelo,canal,fuel_type,fuel,segmento,subseg,hp,body_type,renting,count
2026,08,19,ALFA ROMEO,GIULIA,Corporate,ICE,Gasolina,KKL,REST,Standard,SEDAN,No Renting,1
2026,08,19,ALFA ROMEO,JUNIOR,Corporate,BEV,Gasolina Mild Hybrid,UKL1,REST,Standard,SAV,Renting,1
2026,08,19,ALFA ROMEO,JUNIOR,Corporate,ICE,Gasolina Mild Hybrid,UKL1,REST,Standard,SAV,Renting,3
2026,08,19,ALFA ROMEO,TONALE,Corporate,ICE,Gasolina/Electrico Enchufable,UKL2,REST,Standard,SAV,No Renting,1
2026,08,19,ALPINE,A290,Corporate,BEV,Electrico,UKL1,REST,Standard,HACH 5P,No Renting,1
2026,08,19,ALPINE,A290,Private,BEV,Electrico,UKL1,REST,Standard,HACH 5P,No Renting,1
2026,08,19,ALPINE,A390,Private,BEV,Electrico,KKL,REST,Standard,SEDAN,No Renting,1
2026,08,19,AUDI,A1,Corporate,ICE,Gasolina,UKL1,FOCUS SEGMENT,Standard,HACH 5P,Renting,4
2026,08,19,AUDI,A1,Private,ICE,Gasolina,UKL1,FOCUS SEGMENT,Standard,HACH 5P,No Renting,4
2026,08,19,AUDI,A3,Corporate,ICE,Gasolina/Electrico Enchufable,UKL2,FOCUS SEGMENT,Standard,HACH 5P,Renting,10
2026,08,19,AUDI,A3,Corporate,PHEV,Gasolina/Electrico Enchufable,UKL2,FOCUS SEGMENT,Standard,HACH 5P,Renting,1
2026,08,19,AUDI,A3,Private,ICE,Gasolina/Electrico Enchufable,UKL2,FOCUS SEGMENT,Standard,HACH 5P,No Renting,1
2026,08,19,AUDI,A3,Private,PHEV,Gasolina/Electrico Enchufable,UKL2,FOCUS SEGMENT,Standard,HACH 5P,No Renting,2
2026,08,19,AUDI,A5,Corporate,ICE,Gasolina/Electrico Enchufable,KKL,FOCUS SEGMENT,Standard,SEDAN,No Renting,1
2026,08,19,AUDI,A5,Corporate,ICE,Gasolina/Electrico Enchufable,KKL,FOCUS SEGMENT,Standard,SEDAN,Renting,1
2026,08,19,AUDI,A5,Corporate,PHEV,Gasolina/Electrico Enchufable,KKL,FOCUS SEGMENT,M,SEDAN,No Renting,1
2026,08,19,AUDI,A5,Corporate,PHEV,Gasolina/Electrico Enchufable,KKL,FOCUS SEGMENT,Standard,SEDAN,No Renting,1
2026,08,19,AUDI,Q2,Corporate,ICE,Gasolina,UKL2,FOCUS SEGMENT,Standard,SAV,Renting,1
2026,08,19,AUDI,Q2,Private,ICE,Gasolina,UKL2,FOCUS SEGMENT,Standard,SAV,No Renting,6
2026,08,19,AUDI,Q3,Corporate,PHEV,Gasolina/Electrico Enchufable,UKL2,FOCUS SEGMENT,Standard,SAV,Renting,1
2026,08,19,AUDI,Q3,Private,ICE,Gasolina/Electrico Enchufable,UKL2,FOCUS SEGMENT,Standard,SAV,No Renting,1
2026,08,19,AUDI,Q3,Private,PHEV,Gasolina/Electrico Enchufable,UKL2,FOCUS SEGMENT,Standard,SAV,No Renting,2
2026,08,19,AUDI,Q3 SPORTBACK,Corporate,ICE,Gasolina/Electrico Enchufable,UKL2,FOCUS SEGMENT,Standard,SAV,No Renting,1
2026,08,19,AUDI,Q3 SPORTBACK,Corporate,ICE,Gasolina/Electrico Enchufable,UKL2,FOCUS SEGMENT,Standard,SAV,Renting,6
2026,08,19,AUDI,Q3 SPORTBACK,Corporate,PHEV,Gasolina/Electrico Enchufable,UKL2,FOCUS SEGMENT,Standard,SAV,Renting,1
2026,08,19,AUDI,Q3 SPORTBACK,Private,ICE,Gasolina/Electrico Enchufable,UKL2,FOCUS SEGMENT,Standard,SAV,No Renting,4
2026,08,19,AUDI,Q4 SPORTBACK E-TRON,Corporate,BEV,Electrico,UKL2,FOCUS SEGMENT,Standard,SAV,Renting,1
2026,08,19,AUDI,Q4 SPORTBACK E-TRON,Private,BEV,Electrico,UKL2,FOCUS SEGMENT,Standard,SAV,No Renting,1
2026,08,19,AUDI,Q5,Corporate,ICE,Gasolina/Electrico Enchufable,KKL,FOCUS SEGMENT,M Performance,SAV,No Renting,1
2026,08,19,AUDI,Q5,Corporate,ICE,Gasolina/Electrico Enchufable,KKL,FOCUS SEGMENT,Standard,SAV,Renting,3
2026,08,19,AUDI,Q5,Corporate,PHEV,Gasolina/Electrico Enchufable,KKL,FOCUS SEGMENT,Standard,SAV,No Renting,1
2026,08,19,AUDI,Q5,Corporate,PHEV,Gasolina/Electrico Enchufable,KKL,FOCUS SEGMENT,Standard,SAV,Renting,2
2026,08,19,AUDI,Q5 SPORTBACK,Corporate,ICE,Gasolina/Electrico Enchufable,KKL,FOCUS SEGMENT,Standard,SAV,Renting,3
2026,08,19,AUDI,Q5 SPORTBACK,Corporate,PHEV,Gasolina/Electrico Enchufable,KKL,FOCUS SEGMENT,Standard,SAV,No Renting,1
2026,08,19,BAW,212 T01,Private,ICE,Gasolina,UKL2,REST,Standard,SAV,No Renting,4
2026,08,19,BAYCAR,M21TT HEAVY E,Corporate,ICE,Diesel,,REST,Standard,,No Renting,1
2026,08,19,BMW,SERIE 1,Corporate,ICE,Gasolina,UKL2,FOCUS SEGMENT,Standard,HACH 5P,Renting,3
2026,08,19,BMW,SERIE 2,Corporate,ICE,Gasolina/Electrico Enchufable,UKL2,FOCUS SEGMENT,Standard,MPV,Renting,1
2026,08,19,BMW,SERIE 3,Corporate,ICE,Gasolina,KKL,FOCUS SEGMENT,Standard,ESTATE,Renting,2
2026,08,19,BMW,SERIE 3,Private,ICE,Gasolina,KKL,FOCUS SEGMENT,Standard,ESTATE,No Renting,1
2026,08,19,BMW,SERIE 5,Corporate,PHEV,Gasolina/Electrico Enchufable,MKL,FOCUS SEGMENT,M,ESTATE,No Renting,1
2026,08,19,BMW,X1,Corporate,ICE,Gasolina/Electrico Enchufable,UKL2,FOCUS SEGMENT,Standard,SAV,Renting,12
2026,08,19,BMW,X1,Corporate,PHEV,Gasolina/Electrico Enchufable,UKL2,FOCUS SEGMENT,Standard,SAV,No Renting,3
2026,08,19,BMW,X1,Corporate,PHEV,Gasolina/Electrico Enchufable,UKL2,FOCUS SEGMENT,Standard,SAV,Renting,1
2026,08,19,BMW,X1,Private,ICE,Gasolina/Electrico Enchufable,UKL2,FOCUS SEGMENT,Standard,SAV,No Renting,2
2026,08,19,BMW,X1,Private,PHEV,Gasolina/Electrico Enchufable,UKL2,FOCUS SEGMENT,Standard,SAV,No Renting,3
2026,08,19,BMW,X2,Corporate,ICE,Diesel Mild Hybrid,UKL2,FOCUS SEGMENT,Standard,SAV,No Renting,2
2026,08,19,BMW,X2,Corporate,ICE,Diesel Mild Hybrid,UKL2,FOCUS SEGMENT,Standard,SAV,Renting,6
2026,08,19,BMW,X2,Private,ICE,Diesel Mild Hybrid,UKL2,FOCUS SEGMENT,Standard,SAV,No Renting,5
2026,08,19,BMW,X3,Corporate,ICE,Gasolina Mild Hybrid,KKL,FOCUS SEGMENT,Standard,SAV,No Renting,5
2026,08,19,BMW,X3,Corporate,ICE,Gasolina Mild Hybrid,KKL,FOCUS SEGMENT,Standard,SAV,Renting,3
2026,08,19,BMW,X3,Corporate,PHEV,Gasolina Mild Hybrid,KKL,FOCUS SEGMENT,Standard,SAV,Renting,8
2026,08,19,BMW,X3,Private,ICE,Gasolina Mild Hybrid,KKL,FOCUS SEGMENT,Standard,SAV,No Renting,2
2026,08,19,BMW,X3,Private,PHEV,Gasolina Mild Hybrid,KKL,FOCUS SEGMENT,Standard,SAV,No Renting,1
2026,08,19,BMW,X5,Corporate,ICE,Gasolina/Electrico Enchufable,MKL,FOCUS SEGMENT,Standard,SAV,Renting,2
2026,08,19,BMW,X5,Corporate,PHEV,Gasolina/Electrico Enchufable,MKL,FOCUS SEGMENT,Standard,SAV,No Renting,1
2026,08,19,BMW,X5,Corporate,PHEV,Gasolina/Electrico Enchufable,MKL,FOCUS SEGMENT,Standard,SAV,Renting,1
2026,08,19,BMW,X5,Private,ICE,Gasolina/Electrico Enchufable,MKL,FOCUS SEGMENT,Standard,SAV,No Renting,1
2026,08,19,BMW,X6,Corporate,ICE,Gasolina Mild Hybrid,MKL,FOCUS SEGMENT,Standard,SAV,Renting,1
2026,08,19,BMW,i4,Corporate,BEV,Electrico,KKL,FOCUS SEGMENT,Standard,SEDAN,No Renting,1
2026,08,19,BMW,iX,Corporate,BEV,Electrico,MKL,FOCUS SEGMENT,Standard,SAV,Renting,1
2026,08,19,BMW,iX1,Corporate,BEV,Electrico,UKL2,FOCUS SEGMENT,Standard,SAV,Renting,1
2026,08,19,BMW,iX1,Private,BEV,Electrico,UKL2,FOCUS SEGMENT,Standard,SAV,No Renting,4
2026,08,19,BMW,iX2,Corporate,BEV,Electrico,UKL2,FOCUS SEGMENT,Standard,SAV,Renting,1
2026,08,19,BMW,iX2,Private,BEV,Electrico,UKL2,FOCUS SEGMENT,Standard,SAV,No Renting,6
2026,08,19,BMW,iX3,Corporate,BEV,Electrico,KKL,FOCUS SEGMENT,Standard,SAV,No Renting,1
2026,08,19,BMW,iX3,Corporate,BEV,Electrico,KKL,FOCUS SEGMENT,Standard,SAV,Renting,1
2026,08,19,BYD,ATTO 2,Corporate,PHEV,Gasolina/Electrico Enchufable,UKL1,REST,Standard,SAV,Renting,1
2026,08,19,BYD,ATTO 2,Private,BEV,Gasolina/Electrico Enchufable,UKL1,REST,Standard,SAV,No Renting,17
2026,08,19,BYD,ATTO 2,Private,PHEV,Gasolina/Electrico Enchufable,UKL1,REST,Standard,SAV,No Renting,27
2026,08,19,BYD,ATTO 3 EVO,Private,BEV,Electrico,UKL2,REST,Standard,SAV,No Renting,4
2026,08,19,BYD,DOLPHIN,Corporate,BEV,Electrico,UKL1,REST,Standard,HACH 5P,No Renting,1
2026,08,19,BYD,DOLPHIN,Private,BEV,Electrico,UKL1,REST,Standard,HACH 5P,No Renting,1
2026,08,19,BYD,DOLPHIN G,Private,PHEV,Gasolina/Electrico Enchufable,UKL1,REST,Standard,HACH 5P,No Renting,13
2026,08,19,BYD,DOLPHIN SURF,Private,BEV,Electrico,UKL0,REST,Standard,HACH 5P,No Renting,11
2026,08,19,BYD,SEAL,Corporate,BEV,Electrico,KKL,REST,Standard,SEDAN,No Renting,3
2026,08,19,BYD,SEAL,Private,BEV,Electrico,KKL,REST,Standard,SEDAN,No Renting,4
2026,08,19,BYD,SEAL 6,Private,PHEV,Gasolina/Electrico Enchufable,KKL,REST,Standard,SEDAN,No Renting,1
2026,08,19,BYD,SEAL U,Corporate,PHEV,Gasolina/Electrico Enchufable,KKL,REST,Standard,SAV,Renting,2
2026,08,19,BYD,SEAL U,Private,BEV,Gasolina/Electrico Enchufable,KKL,REST,Standard,SAV,No Renting,3
2026,08,19,BYD,SEAL U,Private,PHEV,Gasolina/Electrico Enchufable,KKL,REST,Standard,SAV,No Renting,23
2026,08,19,BYD,SEALION 7,Corporate,BEV,Electrico,KKL,REST,Standard,SAV,No Renting,2
2026,08,19,BYD,TANG,Private,BEV,Electrico,KKL,REST,Standard,SAV,No Renting,1
2026,08,19,CHANGAN,DEEPAL S05,Corporate,BEV,Gasolina/Electrico Enchufable,UKL2,REST,Standard,HACH 5P,No Renting,1
2026,08,19,CHANGAN,DEEPAL S05,Corporate,PHEV,Gasolina/Electrico Enchufable,UKL2,REST,Standard,HACH 5P,No Renting,1
2026,08,19,CHANGAN,DEEPAL S05,Private,BEV,Gasolina/Electrico Enchufable,UKL2,REST,Standard,HACH 5P,No Renting,9
2026,08,19,CHANGAN,DEEPAL S05,Private,PHEV,Gasolina/Electrico Enchufable,UKL2,REST,Standard,HACH 5P,No Renting,9
2026,08,19,CHANGAN,DEEPAL S07,Corporate,BEV,Electrico,UKL2,REST,Standard,SAV,No Renting,1
2026,08,19,CHANGAN,DEEPAL S07,Private,BEV,Electrico,UKL2,REST,Standard,SAV,No Renting,3
2026,08,19,CIRELLI,CIRELLI 1,Private,ICE,Gasolina,KKL,REST,Standard,SAV,No Renting,1
2026,08,19,CITROEN,BERLINGO,Corporate,BEV,Electrico,SKL,REST,Standard,TRANSPORTER,No Renting,1
2026,08,19,CITROEN,BERLINGO,Corporate,ICE,Electrico,SKL,REST,Standard,TRANSPORTER,No Renting,5
2026,08,19,CITROEN,BERLINGO,Corporate,ICE,Electrico,SKL,REST,Standard,TRANSPORTER,Renting,9
2026,08,19,CITROEN,BERLINGO,Private,BEV,Electrico,SKL,REST,Standard,TRANSPORTER,No Renting,1
2026,08,19,CITROEN,BERLINGO,Private,ICE,Electrico,SKL,REST,Standard,TRANSPORTER,No Renting,5
2026,08,19,CITROEN,C3,Corporate,BEV,Gasolina Mild Hybrid,UKL1,REST,Standard,HACH 5P,Renting,1
2026,08,19,CITROEN,C3,Corporate,ICE,Gasolina Mild Hybrid,UKL1,REST,Standard,HACH 5P,Renting,1
2026,08,19,CITROEN,C3,Private,BEV,Gasolina Mild Hybrid,UKL1,REST,Standard,HACH 5P,No Renting,16
2026,08,19,CITROEN,C3,Private,ICE,Gasolina Mild Hybrid,UKL1,REST,Standard,HACH 5P,No Renting,11
2026,08,19,CITROEN,C3 AIRCROSS,Corporate,ICE,Gasolina Mild Hybrid,UKL2,REST,Standard,SAV,Renting,1
2026,08,19,CITROEN,C3 AIRCROSS,Private,BEV,Gasolina Mild Hybrid,UKL2,REST,Standard,SAV,No Renting,1
2026,08,19,CITROEN,C3 AIRCROSS,Private,ICE,Gasolina Mild Hybrid,UKL2,REST,Standard,SAV,No Renting,5
2026,08,19,CITROEN,C4,Corporate,ICE,Gasolina Mild Hybrid,UKL2,REST,Standard,HACH 5P,No Renting,1
2026,08,19,CITROEN,C4,Private,BEV,Gasolina Mild Hybrid,UKL2,REST,Standard,HACH 5P,No Renting,1
2026,08,19,CITROEN,C4,Private,ICE,Gasolina Mild Hybrid,UKL2,REST,Standard,HACH 5P,No Renting,6
2026,08,19,CITROEN,C5 AIRCROSS,Private,ICE,Gasolina/Electrico Enchufable,UKL2,REST,Standard,SAV,No Renting,6
2026,08,19,CITROEN,C5 AIRCROSS,Private,PHEV,Gasolina/Electrico Enchufable,UKL2,REST,Standard,SAV,No Renting,1
2026,08,19,CITROEN,JUMPER,Corporate,ICE,Diesel,SKL,REST,Standard,TRANSPORTER,No Renting,1
2026,08,19,CITROEN,JUMPER,Corporate,ICE,Diesel,SKL,REST,Standard,TRANSPORTER,Renting,3
2026,08,19,CITROEN,JUMPER,Private,ICE,Diesel,SKL,REST,Standard,TRANSPORTER,No Renting,2
2026,08,19,CITROEN,JUMPY,Corporate,ICE,Electrico,SKL,REST,Standard,TRANSPORTER,Renting,2
2026,08,19,CUPRA,CUPRA LEON,Corporate,ICE,Gasolina/Electrico Enchufable,UKL2,REST,Standard,HACH 5P,No Renting,1
2026,08,19,CUPRA,CUPRA LEON,Private,ICE,Gasolina/Electrico Enchufable,UKL2,REST,Standard,HACH 5P,No Renting,6
2026,08,19,CUPRA,FORMENTOR,Corporate,ICE,Gasolina/Electrico Enchufable,UKL2,REST,Standard,SAT,Renting,5
2026,08,19,CUPRA,FORMENTOR,Private,ICE,Gasolina/Electrico Enchufable,UKL2,REST,Standard,SAT,No Renting,3
2026,08,19,CUPRA,FORMENTOR,Private,PHEV,Gasolina/Electrico Enchufable,UKL2,REST,Standard,SAT,No Renting,7
2026,08,19,CUPRA,RAVAL,Corporate,BEV,Electrico,UKL1,REST,Standard,HACH 5P,Renting,1
2026,08,19,CUPRA,RAVAL,Private,BEV,Electrico,UKL1,REST,Standard,HACH 5P,No Renting,7
2026,08,19,CUPRA,TERRAMAR,Corporate,ICE,Gasolina/Electrico Enchufable,UKL2,REST,Standard,SAT,Renting,3
2026,08,19,CUPRA,TERRAMAR,Private,ICE,Gasolina/Electrico Enchufable,UKL2,REST,Standard,SAT,No Renting,4
2026,08,19,CUPRA,TERRAMAR,Private,PHEV,Gasolina/Electrico Enchufable,UKL2,REST,Standard,SAT,No Renting,4
2026,08,19,DACIA,BIGSTER,Corporate,ICE,Gasolina/Electrico,UKL2,REST,Standard,SAV,No Renting,3
2026,08,19,DACIA,BIGSTER,Private,ICE,Gasolina/Electrico,UKL2,REST,Standard,SAV,No Renting,15
2026,08,19,DACIA,DUSTER,Corporate,ICE,Gasolina/Electrico,SKL,REST,Standard,PICKUP,No Renting,9
2026,08,19,DACIA,DUSTER,Corporate,ICE,Gasolina/Electrico,SKL,REST,Standard,PICKUP,Renting,2
2026,08,19,DACIA,DUSTER,Private,ICE,Gasolina/Electrico,SKL,REST,Standard,PICKUP,No Renting,35
2026,08,19,DACIA,JOGGER,Corporate,ICE,Gasolina/Electrico,UKL2,REST,Standard,MPV,No Renting,5
2026,08,19,DACIA,JOGGER,Private,ICE,Gasolina/Electrico,UKL2,REST,Standard,MPV,No Renting,10
2026,08,19,DACIA,JOGGER,RAC,ICE,Gasolina/Electrico,UKL2,REST,Standard,MPV,No Renting,4
2026,08,19,DACIA,SANDERO,Corporate,ICE,Gasolina,UKL1,REST,Standard,HACH 5P,No Renting,3
2026,08,19,DACIA,SANDERO,Corporate,ICE,Gasolina,UKL1,REST,Standard,HACH 5P,Renting,10
2026,08,19,DACIA,SANDERO,Private,ICE,Gasolina,UKL1,REST,Standard,HACH 5P,No Renting,75
2026,08,19,DACIA,SANDERO,RAC,ICE,Gasolina,UKL1,REST,Standard,HACH 5P,No Renting,4
2026,08,19,DACIA,SPRING,Private,BEV,Electrico,UKL0,REST,Standard,SAV,No Renting,1
2026,08,19,DFSK,SERIE K,Corporate,BEV,Electrico,SKL,REST,Standard,TRANSPORTER,No Renting,2
2026,08,19,DR,EVO,Private,ICE,Gasolina,UKL1,REST,Standard,SAV,No Renting,1
2026,08,19,DS,DS7 CROSSBACK,Corporate,ICE,Gasolina/Electrico Enchufable,UKL2,REST,Standard,SAV,Renting,1
2026,08,19,EBRO,S400,Private,ICE,Gasolina/Electrico,UKL2,REST,Standard,SAV,No Renting,25
2026,08,19,EBRO,S700,Corporate,ICE,Gasolina/Electrico Enchufable,UKL2,REST,Standard,SAV,No Renting,1
2026,08,19,EBRO,S700,Private,ICE,Gasolina/Electrico Enchufable,UKL2,REST,Standard,SAV,No Renting,10
2026,08,19,EBRO,S700,Private,PHEV,Gasolina/Electrico Enchufable,UKL2,REST,Standard,SAV,No Renting,19
2026,08,19,EBRO,S800,Private,PHEV,Gasolina/Electrico Enchufable,KKL,REST,Standard,SAV,No Renting,3
2026,08,19,EBRO,S900,Corporate,PHEV,Gasolina/Electrico Enchufable,UKL2,REST,Standard,SAV,No Renting,2
2026,08,19,EBRO,S900,Private,PHEV,Gasolina/Electrico Enchufable,UKL2,REST,Standard,SAV,No Renting,5
2026,08,19,EVO,EVO 4,Private,ICE,Gasolina,UKL1,REST,Standard,SAV,No Renting,2
2026,08,19,EVO,EVO 5,Private,ICE,Gasolina,UKL2,REST,Standard,SAV,No Renting,1
2026,08,19,FIAT,500,Corporate,ICE,Gasolina Mild Hybrid,UKL0,REST,Standard,HACH 3P,No Renting,1
2026,08,19,FIAT,500,Corporate,ICE,Gasolina Mild Hybrid,UKL0,REST,Standard,HACH 3P,Renting,3
2026,08,19,FIAT,500,Private,BEV,Gasolina Mild Hybrid,UKL0,REST,Standard,HACH 3P,No Renting,1
2026,08,19,FIAT,500,Private,ICE,Gasolina Mild Hybrid,UKL0,REST,Standard,HACH 3P,No Renting,2
2026,08,19,FIAT,DOBLO CARGO,Corporate,ICE,Electrico,SKL,REST,Standard,TRANSPORTER,Renting,13
2026,08,19,FIAT,DUCATO,Corporate,ICE,Diesel,SKL,REST,Standard,TRANSPORTER,No Renting,3
2026,08,19,FIAT,DUCATO,Private,ICE,Diesel,SKL,REST,Standard,TRANSPORTER,No Renting,4
2026,08,19,FIAT,PANDA,Private,ICE,Gasolina Mild Hybrid,UKL0,REST,Standard,HACH 5P,No Renting,3
2026,08,19,FIAT,PANDA,RAC,ICE,Gasolina Mild Hybrid,UKL0,REST,Standard,HACH 5P,No Renting,12
2026,08,19,FIAT,SCUDO,Corporate,ICE,Electrico,SKL,REST,Standard,TRANSPORTER,Renting,1
2026,08,19,FORD,CAPRI,Private,BEV,Electrico,UKL1,REST,Standard,SAV,No Renting,2
2026,08,19,FORD,EXPLORER,Private,BEV,Gasolina/Electrico Enchufable,SKL,REST,Standard,PICKUP,No Renting,2
2026,08,19,FORD,KUGA,Corporate,PHEV,Gasolina/Electrico Enchufable,UKL2,REST,Standard,SAV,Renting,1
2026,08,19,FORD,KUGA,Private,ICE,Gasolina/Electrico Enchufable,UKL2,REST,Standard,SAV,No Renting,5
2026,08,19,FORD,KUGA,Private,PHEV,Gasolina/Electrico Enchufable,UKL2,REST,Standard,SAV,No Renting,8
2026,08,19,FORD,MUSTANG,Corporate,ICE,Gasolina,MKL,REST,Standard,CABRIO,No Renting,1
2026,08,19,FORD,MUSTANG,Private,ICE,Gasolina,MKL,REST,Standard,CABRIO,No Renting,1
2026,08,19,FORD,PUMA,Corporate,BEV,Gasolina Mild Hybrid,UKL1,REST,Standard,SAV,No Renting,1
2026,08,19,FORD,PUMA,Corporate,ICE,Gasolina Mild Hybrid,UKL1,REST,Standard,SAV,No Renting,1
2026,08,19,FORD,PUMA,Corporate,ICE,Gasolina Mild Hybrid,UKL1,REST,Standard,SAV,Renting,7
2026,08,19,FORD,PUMA,Private,BEV,Gasolina Mild Hybrid,UKL1,REST,Standard,SAV,No Renting,2
2026,08,19,FORD,PUMA,Private,ICE,Gasolina Mild Hybrid,UKL1,REST,Standard,SAV,No Renting,8
2026,08,19,FORD,PUMA,RAC,BEV,Gasolina Mild Hybrid,UKL1,REST,Standard,SAV,No Renting,1
2026,08,19,FORD,RANGER,Corporate,ICE,Gasolina/Electrico Enchufable,SKL,REST,Standard,PICKUP,No Renting,8
2026,08,19,FORD,RANGER,Corporate,ICE,Gasolina/Electrico Enchufable,SKL,REST,Standard,PICKUP,Renting,1
2026,08,19,FORD,RANGER,Corporate,PHEV,Gasolina/Electrico Enchufable,SKL,REST,Standard,PICKUP,No Renting,2
2026,08,19,FORD,RANGER,Private,ICE,Gasolina/Electrico Enchufable,SKL,REST,Standard,PICKUP,No Renting,1
2026,08,19,FORD,TOURNEO,Corporate,ICE,Gasolina/Electrico Enchufable,SKL,REST,Standard,TRANSPORTER,No Renting,14
2026,08,19,FORD,TOURNEO,Private,ICE,Gasolina/Electrico Enchufable,SKL,REST,Standard,TRANSPORTER,No Renting,5
2026,08,19,FORD,TOURNEO,Private,PHEV,Gasolina/Electrico Enchufable,SKL,REST,Standard,TRANSPORTER,No Renting,4
2026,08,19,FORD,TRANSIT,Corporate,ICE,Electrico,SKL,REST,Standard,TRANSPORTER,No Renting,1
2026,08,19,FORD,TRANSIT,Corporate,ICE,Electrico,SKL,REST,Standard,TRANSPORTER,Renting,2
2026,08,19,FORD,TRANSIT,Corporate,PHEV,Electrico,SKL,REST,Standard,TRANSPORTER,Renting,4
2026,08,19,FORD,TRANSIT,Private,ICE,Electrico,SKL,REST,Standard,TRANSPORTER,No Renting,2
2026,08,19,FORD,TRANSIT CONNECT,Corporate,ICE,Gasolina/Electrico Enchufable,SKL,REST,Standard,TRANSPORTER,Renting,1
2026,08,19,FORD,TRANSIT CONNECT,Corporate,PHEV,Gasolina/Electrico Enchufable,SKL,REST,Standard,TRANSPORTER,No Renting,1
2026,08,19,FORD,TRANSIT CONNECT,Corporate,PHEV,Gasolina/Electrico Enchufable,SKL,REST,Standard,TRANSPORTER,Renting,1
2026,08,19,FORD,TRANSIT COURIER,Corporate,BEV,Gasolina,SKL,REST,Standard,TRANSPORTER,Renting,1
2026,08,19,FORD,TRANSIT COURIER,Corporate,ICE,Gasolina,SKL,REST,Standard,TRANSPORTER,No Renting,3
2026,08,19,FORD,TRANSIT COURIER,Corporate,ICE,Gasolina,SKL,REST,Standard,TRANSPORTER,Renting,7
2026,08,19,FORD,TRANSIT CUSTOM,Corporate,BEV,Gasolina/Electrico Enchufable,SKL,REST,Standard,TRANSPORTER,No Renting,13
2026,08,19,FORD,TRANSIT CUSTOM,Corporate,ICE,Gasolina/Electrico Enchufable,SKL,REST,Standard,TRANSPORTER,No Renting,2
2026,08,19,FORD,TRANSIT CUSTOM,Corporate,ICE,Gasolina/Electrico Enchufable,SKL,REST,Standard,TRANSPORTER,Renting,3
2026,08,19,FORD,TRANSIT CUSTOM,Corporate,PHEV,Gasolina/Electrico Enchufable,SKL,REST,Standard,TRANSPORTER,No Renting,3
2026,08,19,FOTON MOTORS,TUNLAND,Corporate,ICE,Diesel Mild Hybrid,SKL,REST,Standard,PICKUP,Renting,1
2026,08,19,GEELY,E5,Corporate,BEV,Electrico,UKL2,REST,Standard,HACH 5P,No Renting,50
2026,08,19,GEELY,E5,Private,BEV,Electrico,UKL2,REST,Standard,HACH 5P,No Renting,1
2026,08,19,GEELY,STARRAY,Corporate,PHEV,Gasolina/Electrico Enchufable,UKL2,REST,Standard,HACH 5P,No Renting,54
2026,08,19,GEELY,STARRAY,Private,PHEV,Gasolina/Electrico Enchufable,UKL2,REST,Standard,HACH 5P,No Renting,15
2026,08,19,GEELY,STARRAY,RAC,PHEV,Gasolina/Electrico Enchufable,UKL2,REST,Standard,HACH 5P,No Renting,9
2026,08,19,GWM,ORA 5 SUV,Corporate,BEV,Electrico,UKL2,REST,Standard,SAV,No Renting,1
2026,08,19,GWM,ORA 5 SUV,Corporate,ICE,Electrico,UKL2,REST,Standard,SAV,No Renting,2
2026,08,19,HONDA,CIVIC,Corporate,ICE,Gasolina/Electrico,UKL2,REST,Standard,HACH 5P,No Renting,3
2026,08,19,HONDA,CIVIC,Private,ICE,Gasolina/Electrico,UKL2,REST,Standard,HACH 5P,No Renting,5
2026,08,19,HONDA,CR-V,Private,ICE,Gasolina/Electrico Enchufable,KKL,REST,Standard,SAV,No Renting,1
2026,08,19,HONDA,HR-V,Corporate,ICE,Gasolina/Electrico,UKL1,REST,Standard,SAV,No Renting,1
2026,08,19,HONDA,HR-V,Private,ICE,Gasolina/Electrico,UKL1,REST,Standard,SAV,No Renting,3
2026,08,19,HONDA,JAZZ,Corporate,ICE,Gasolina/Electrico,UKL1,REST,Standard,HACH 5P,No Renting,3
2026,08,19,HONDA,JAZZ,Private,ICE,Gasolina/Electrico,UKL1,REST,Standard,HACH 5P,No Renting,2
2026,08,19,HONDA,ZR-V,Corporate,ICE,Gasolina/Electrico,UKL2,REST,Standard,SAV,No Renting,1
2026,08,19,HONDA,ZR-V,Private,ICE,Gasolina/Electrico,UKL2,REST,Standard,SAV,No Renting,2
2026,08,19,HUDSON,EBOLD,Corporate,BEV,Electrico,,REST,Standard,,No Renting,1
2026,08,19,HYUNDAI,BAYON,Private,ICE,Gasolina Mild Hybrid,UKL1,REST,Standard,SAV,No Renting,1
2026,08,19,HYUNDAI,I10,Private,ICE,Gasolina,UKL0,REST,Standard,HACH 5P,No Renting,1
2026,08,19,HYUNDAI,I20,Private,ICE,Gasolina Mild Hybrid,UKL1,REST,Standard,HACH 5P,No Renting,12
2026,08,19,HYUNDAI,I30,Corporate,ICE,Gasolina Mild Hybrid,UKL2,REST,Standard,HACH 5P,No Renting,1
2026,08,19,HYUNDAI,I30,Private,ICE,Gasolina Mild Hybrid,UKL2,REST,Standard,HACH 5P,No Renting,2
2026,08,19,HYUNDAI,INSTER,Private,BEV,Electrico,UKL2,REST,Standard,SAV,No Renting,6
2026,08,19,HYUNDAI,IONIQ 5,Corporate,BEV,Electrico,UKL2,REST,Standard,SAV,No Renting,1
2026,08,19,HYUNDAI,IONIQ 5,Corporate,BEV,Electrico,UKL2,REST,Standard,SAV,Renting,1
2026,08,19,HYUNDAI,IONIQ 5,Private,BEV,Electrico,UKL2,REST,Standard,SAV,No Renting,1
2026,08,19,HYUNDAI,KONA,Corporate,BEV,Gasolina/Electrico,UKL1,REST,Standard,SAV,No Renting,1
2026,08,19,HYUNDAI,KONA,Corporate,ICE,Gasolina/Electrico,UKL1,REST,Standard,SAV,No Renting,4
2026,08,19,HYUNDAI,KONA,Corporate,ICE,Gasolina/Electrico,UKL1,REST,Standard,SAV,Renting,3
2026,08,19,HYUNDAI,KONA,Private,BEV,Gasolina/Electrico,UKL1,REST,Standard,SAV,No Renting,2
2026,08,19,HYUNDAI,KONA,Private,ICE,Gasolina/Electrico,UKL1,REST,Standard,SAV,No Renting,19
2026,08,19,HYUNDAI,STARIA,Corporate,ICE,Gasolina/Electrico,MKL,REST,Standard,MPV,No Renting,2
2026,08,19,HYUNDAI,TUCSON,Corporate,ICE,Gasolina/Electrico Enchufable,UKL2,REST,Standard,SAV,No Renting,2
2026,08,19,HYUNDAI,TUCSON,Corporate,ICE,Gasolina/Electrico Enchufable,UKL2,REST,Standard,SAV,Renting,12
2026,08,19,HYUNDAI,TUCSON,Corporate,PHEV,Gasolina/Electrico Enchufable,UKL2,REST,Standard,SAV,No Renting,1
2026,08,19,HYUNDAI,TUCSON,Corporate,PHEV,Gasolina/Electrico Enchufable,UKL2,REST,Standard,SAV,Renting,1
2026,08,19,HYUNDAI,TUCSON,Private,ICE,Gasolina/Electrico Enchufable,UKL2,REST,Standard,SAV,No Renting,20
2026,08,19,HYUNDAI,TUCSON,Private,PHEV,Gasolina/Electrico Enchufable,UKL2,REST,Standard,SAV,No Renting,3
2026,08,19,ISUZU,D MAX N60,Corporate,ICE,Diesel,,REST,Standard,,No Renting,4
2026,08,19,ISUZU,D-MAX,Corporate,ICE,Electrico,SKL,REST,Standard,PICKUP,No Renting,2
2026,08,19,ISUZU,DMAX N60,Corporate,ICE,Diesel,,REST,Standard,,No Renting,1
2026,08,19,ISUZU,DMAXN60,Corporate,ICE,Diesel,,REST,Standard,,No Renting,2
2026,08,19,IVECO,DAILY,Corporate,ICE,Gas natural comprimido (GNC),SKL,REST,Standard,TRANSPORTER,No Renting,1
2026,08,19,IVECO,DAILY,Private,ICE,Gas natural comprimido (GNC),SKL,REST,Standard,TRANSPORTER,No Renting,3
2026,08,19,IVECO,DAILY,RAC,ICE,Gas natural comprimido (GNC),SKL,REST,Standard,TRANSPORTER,No Renting,3
2026,08,19,JAECOO,JAECOO 5,Corporate,ICE,Gasolina/Electrico,UKL1,REST,Standard,SAV,Renting,3
2026,08,19,JAECOO,JAECOO 5,Private,BEV,Gasolina/Electrico,UKL1,REST,Standard,SAV,No Renting,3
2026,08,19,JAECOO,JAECOO 5,Private,ICE,Gasolina/Electrico,UKL1,REST,Standard,SAV,No Renting,22
2026,08,19,JAECOO,JAECOO 7,Corporate,ICE,Gasolina/Electrico Enchufable,UKL2,REST,Standard,SAV,Renting,2
2026,08,19,JAECOO,JAECOO 7,Private,ICE,Gasolina/Electrico Enchufable,UKL2,REST,Standard,SAV,No Renting,13
2026,08,19,JAECOO,JAECOO 7,Private,PHEV,Gasolina/Electrico Enchufable,UKL2,REST,Standard,SAV,No Renting,8
2026,08,19,JAECOO,JAECOO 8,Corporate,PHEV,Gasolina/Electrico Enchufable,KKL,REST,Standard,SAV,No Renting,1
2026,08,19,JAECOO,JAECOO 8,Private,PHEV,Gasolina/Electrico Enchufable,KKL,REST,Standard,SAV,No Renting,1
2026,08,19,JEEP,AVENGER,Corporate,ICE,Gasolina Mild Hybrid,UKL1,REST,Standard,SAV,Renting,2
2026,08,19,JEEP,AVENGER,Private,BEV,Gasolina Mild Hybrid,UKL1,REST,Standard,SAV,No Renting,1
2026,08,19,JEEP,AVENGER,Private,ICE,Gasolina Mild Hybrid,UKL1,REST,Standard,SAV,No Renting,3
2026,08,19,JEEP,COMPASS,Private,PHEV,Gasolina/Electrico Enchufable,UKL2,REST,Standard,SAV,No Renting,3
2026,08,19,JEEP,RENEGADE,Private,ICE,Gasolina/Electrico Enchufable,UKL1,REST,Standard,SAV,No Renting,2
2026,08,19,JUAN SUAREZ,M21 T F GENERATION 2,Corporate,ICE,Diesel,,REST,Standard,,No Renting,1
2026,08,19,KG MOBILITY,KORANDO,Private,ICE,Gasolina,MKL,REST,Standard,MPV,No Renting,1
2026,08,19,KG MOBILITY,REXTON,Private,ICE,Diesel,MKL,REST,Standard,SAV,No Renting,1
2026,08,19,KG MOBILITY,TIVOLI,Private,ICE,Gasolina,UKL1,REST,Standard,SAV,No Renting,2
2026,08,19,KG MOBILITY,TORRES,Corporate,BEV,Gasolina/Electrico,UKL2,REST,Standard,SAV,No Renting,1
2026,08,19,KIA,EV2,Corporate,BEV,Electrico,UKL1,REST,Standard,SAV,Renting,1
2026,08,19,KIA,EV2,Private,BEV,Electrico,UKL1,REST,Standard,SAV,No Renting,4
2026,08,19,KIA,EV3,Corporate,BEV,Electrico,UKL1,REST,Standard,SAV,No Renting,1
2026,08,19,KIA,EV3,Corporate,BEV,Electrico,UKL1,REST,Standard,SAV,Renting,3
2026,08,19,KIA,EV3,Private,BEV,Electrico,UKL1,REST,Standard,SAV,No Renting,6
2026,08,19,KIA,NIRO,Corporate,ICE,Gasolina/Electrico Enchufable,UKL2,REST,Standard,SAV,No Renting,11
2026,08,19,KIA,NIRO,Corporate,ICE,Gasolina/Electrico Enchufable,UKL2,REST,Standard,SAV,Renting,4
2026,08,19,KIA,NIRO,Private,ICE,Gasolina/Electrico Enchufable,UKL2,REST,Standard,SAV,No Renting,26
2026,08,19,KIA,PICANTO,Private,ICE,Gasolina,UKL0,REST,Standard,HACH 5P,No Renting,4
2026,08,19,KIA,PV5,Private,BEV,Electrico,SKL,REST,Standard,TRANSPORTER,No Renting,1
2026,08,19,KIA,SELTOS,Corporate,ICE,Gasolina,UKL2,REST,Standard,SAV,No Renting,1
2026,08,19,KIA,SORENTO,Private,PHEV,Gasolina/Electrico Enchufable,KKL,REST,Standard,SAV,No Renting,1
2026,08,19,KIA,SPORTAGE,Corporate,ICE,Gasolina/Electrico Enchufable,UKL2,REST,Standard,SAV,No Renting,5
2026,08,19,KIA,SPORTAGE,Corporate,ICE,Gasolina/Electrico Enchufable,UKL2,REST,Standard,SAV,Renting,9
2026,08,19,KIA,SPORTAGE,Private,ICE,Gasolina/Electrico Enchufable,UKL2,REST,Standard,SAV,No Renting,15
2026,08,19,KIA,SPORTAGE,RAC,ICE,Gasolina/Electrico Enchufable,UKL2,REST,Standard,SAV,No Renting,8
2026,08,19,KIA,STONIC,Corporate,ICE,Gasolina Mild Hybrid,UKL1,REST,Standard,SAV,No Renting,2
2026,08,19,KIA,STONIC,Corporate,ICE,Gasolina Mild Hybrid,UKL1,REST,Standard,SAV,Renting,37
2026,08,19,KIA,STONIC,Private,ICE,Gasolina Mild Hybrid,UKL1,REST,Standard,SAV,No Renting,12
2026,08,19,KIA,XCEED,Corporate,ICE,Gasolina Mild Hybrid,UKL2,REST,Standard,HACH 5P,No Renting,3
2026,08,19,KIA,XCEED,Private,ICE,Gasolina Mild Hybrid,UKL2,REST,Standard,HACH 5P,No Renting,6
2026,08,19,LAMBORGHINI,TEMERARIO,Corporate,PHEV,Gasolina/Electrico Enchufable,GKL+,FOCUS SEGMENT,Standard,COUPE,No Renting,1
2026,08,19,LAND ROVER,DEFENDER,Corporate,ICE,Gasolina/Electrico Enchufable,MKL,FOCUS SEGMENT,Standard,SUV,No Renting,1
2026,08,19,LAND ROVER,DEFENDER,Private,ICE,Gasolina/Electrico Enchufable,MKL,FOCUS SEGMENT,Standard,SUV,No Renting,1
2026,08,19,LAND ROVER,DEFENDER,Private,PHEV,Gasolina/Electrico Enchufable,MKL,FOCUS SEGMENT,Standard,SUV,No Renting,1
2026,08,19,LAND ROVER,RANGE ROVER EVOQUE,Corporate,ICE,Gasolina/Electrico Enchufable,UKL2,FOCUS SEGMENT,Standard,SAV,Renting,1
2026,08,19,LAND ROVER,RANGE ROVER SPORT,RAC,ICE,Gasolina/Electrico Enchufable,MKL,FOCUS SEGMENT,Standard,SAV,No Renting,1
2026,08,19,LEAPMOTOR,B05,Private,BEV,Electrico,UKL1,REST,Standard,HACH 5P,No Renting,2
2026,08,19,LEAPMOTOR,B10,Private,BEV,Gasolina/Electrico Enchufable,UKL2,REST,Standard,SAV,No Renting,15
2026,08,19,LEAPMOTOR,C10,Private,BEV,Gasolina/Electrico Enchufable,MKL,REST,Standard,SAV,No Renting,5
2026,08,19,LEAPMOTOR,T03,Private,BEV,Electrico,UKL0,REST,Standard,HACH 5P,No Renting,3
2026,08,19,LEXUS,LBX,Corporate,ICE,Gasolina/Electrico,UKL1,FOCUS SEGMENT,Standard,SAV,No Renting,2
2026,08,19,LEXUS,LBX,Corporate,ICE,Gasolina/Electrico,UKL1,FOCUS SEGMENT,Standard,SAV,Renting,1
2026,08,19,LEXUS,LBX,Private,ICE,Gasolina/Electrico,UKL1,FOCUS SEGMENT,Standard,SAV,No Renting,1
2026,08,19,LEXUS,NX,Corporate,ICE,Gasolina/Electrico Enchufable,KKL,FOCUS SEGMENT,Standard,SAV,Renting,1
2026,08,19,LEXUS,NX,Corporate,PHEV,Gasolina/Electrico Enchufable,KKL,FOCUS SEGMENT,Standard,SAV,No Renting,2
2026,08,19,LEXUS,NX,Corporate,PHEV,Gasolina/Electrico Enchufable,KKL,FOCUS SEGMENT,Standard,SAV,Renting,4
2026,08,19,LEXUS,NX,Private,PHEV,Gasolina/Electrico Enchufable,KKL,FOCUS SEGMENT,Standard,SAV,No Renting,1
2026,08,19,LEXUS,RX,Corporate,PHEV,Gasolina/Electrico Enchufable,MKL,FOCUS SEGMENT,Standard,SAV,No Renting,1
2026,08,19,LEXUS,RZ,Private,BEV,Electrico,KKL,FOCUS SEGMENT,Standard,SAT,No Renting,1
2026,08,19,LEXUS,UX,Private,ICE,Gasolina/Electrico,UKL2,FOCUS SEGMENT,Standard,SAV,No Renting,4
2026,08,19,LIVAN,X3 PRO,Private,ICE,Gasolina,UKL1,REST,Standard,SAV,No Renting,2
2026,08,19,LYNK & CO,LYNK&CO 01,Corporate,PHEV,Gasolina/Electrico Enchufable,UKL2,REST,Standard,SAV,Renting,1
2026,08,19,LYNK & CO,LYNK&CO 01,Private,PHEV,Gasolina/Electrico Enchufable,UKL2,REST,Standard,SAV,No Renting,1
2026,08,19,LYNK & CO,LYNK&CO 02,Private,BEV,Electrico,UKL2,REST,Standard,SAV,No Renting,1
2026,08,19,LYNK & CO,LYNK&CO 08,Corporate,PHEV,Gasolina/Electrico Enchufable,UKL2,REST,Standard,SAV,No Renting,1
2026,08,19,LYNK & CO,LYNK&CO 08,Corporate,PHEV,Gasolina/Electrico Enchufable,UKL2,REST,Standard,SAV,Renting,4
2026,08,19,LYNK & CO,LYNK&CO 08,Private,PHEV,Gasolina/Electrico Enchufable,UKL2,REST,Standard,SAV,No Renting,1
2026,08,19,MAN,TGE,Corporate,ICE,Diesel,SKL,REST,Standard,TRANSPORTER,No Renting,3
2026,08,19,MAXUS,DELIVER 9,Corporate,ICE,Electrico,SKL,REST,Standard,TRANSPORTER,No Renting,1
2026,08,19,MAXUS,DELIVER 9,Private,ICE,Electrico,SKL,REST,Standard,TRANSPORTER,No Renting,1
2026,08,19,MAXUS,MAXUS EDELIVER 5,Corporate,BEV,Electrico,,REST,Standard,,No Renting,1
2026,08,19,MAXUS,T60,Corporate,ICE,Diesel,SKL,REST,Standard,PICKUP,No Renting,1
2026,08,19,MAXUS,T60,Private,ICE,Diesel,SKL,REST,Standard,PICKUP,No Renting,2
2026,08,19,MAZDA,6E,Corporate,BEV,Electrico,MKL,REST,Standard,SEDAN,No Renting,1
2026,08,19,MAZDA,6E,Corporate,BEV,Electrico,MKL,REST,Standard,SEDAN,Renting,1
2026,08,19,MAZDA,6E,Private,BEV,Electrico,MKL,REST,Standard,SEDAN,No Renting,3
2026,08,19,MAZDA,CX30,Corporate,ICE,Gasolina Mild Hybrid,UKL2,REST,Standard,SAV,Renting,1
2026,08,19,MAZDA,CX30,Private,ICE,Gasolina Mild Hybrid,UKL2,REST,Standard,SAV,No Renting,9
2026,08,19,MAZDA,CX5,Corporate,ICE,Gasolina Mild Hybrid,UKL2,REST,Standard,SAV,Renting,4
2026,08,19,MAZDA,CX5,Private,ICE,Gasolina Mild Hybrid,UKL2,REST,Standard,SAV,No Renting,18
2026,08,19,MAZDA,CX60,Private,PHEV,Gasolina/Electrico Enchufable,KKL,REST,Standard,SAV,No Renting,1
2026,08,19,MAZDA,CX80,Corporate,ICE,Gasolina/Electrico Enchufable,KKL,REST,Standard,SAV,Renting,1
2026,08,19,MAZDA,CX80,Corporate,PHEV,Gasolina/Electrico Enchufable,KKL,REST,Standard,SAV,Renting,1
2026,08,19,MAZDA,CX80,Private,ICE,Gasolina/Electrico Enchufable,KKL,REST,Standard,SAV,No Renting,2
2026,08,19,MAZDA,MAZDA 2,Corporate,ICE,Gasolina/Electrico,UKL1,REST,Standard,HACH 5P,Renting,1
2026,08,19,MAZDA,MAZDA 3,Corporate,ICE,Gasolina Mild Hybrid,UKL2,REST,Standard,SEDAN,No Renting,1
2026,08,19,MAZDA,MAZDA 3,Private,ICE,Gasolina Mild Hybrid,UKL2,REST,Standard,SEDAN,No Renting,15
2026,08,19,MERCEDES,CITAN,Corporate,ICE,Gasolina,SKL,REST,Standard,TRANSPORTER,No Renting,1
2026,08,19,MERCEDES,CITAN,Private,ICE,Gasolina,SKL,REST,Standard,TRANSPORTER,No Renting,1
2026,08,19,MERCEDES,CLASE A,Corporate,ICE,Diesel,UKL2,FOCUS SEGMENT,Standard,SEDAN,No Renting,1
2026,08,19,MERCEDES,CLASE A,Corporate,ICE,Gasolina/Electrico Enchufable,UKL2,FOCUS SEGMENT,M,HACH 5P,No Renting,1
2026,08,19,MERCEDES,CLASE A,Corporate,ICE,Gasolina/Electrico Enchufable,UKL2,FOCUS SEGMENT,M Performance,HACH 5P,No Renting,1
2026,08,19,MERCEDES,CLASE A,Corporate,PHEV,Gasolina/Electrico Enchufable,UKL2,FOCUS SEGMENT,Standard,HACH 5P,No Renting,1
2026,08,19,MERCEDES,CLASE A,Corporate,PHEV,Gasolina/Electrico Enchufable,UKL2,FOCUS SEGMENT,Standard,HACH 5P,Renting,2
2026,08,19,MERCEDES,CLASE A,Private,ICE,Diesel,UKL2,FOCUS SEGMENT,Standard,SEDAN,No Renting,1
2026,08,19,MERCEDES,CLASE A,Private,ICE,Gasolina,UKL2,FOCUS SEGMENT,Standard,HACH 5P,No Renting,2
2026,08,19,MERCEDES,CLASE A,Private,ICE,Gasolina,UKL2,FOCUS SEGMENT,Standard,SEDAN,No Renting,3
2026,08,19,MERCEDES,CLASE A,Private,PHEV,Gasolina/Electrico Enchufable,UKL2,FOCUS SEGMENT,Standard,HACH 5P,No Renting,2
2026,08,19,MERCEDES,CLASE C,Corporate,ICE,Diesel,KKL,FOCUS SEGMENT,Standard,ESTATE,No Renting,1
2026,08,19,MERCEDES,CLASE C,Corporate,ICE,Diesel,KKL,FOCUS SEGMENT,Standard,SEDAN,Renting,2
2026,08,19,MERCEDES,CLASE C,Corporate,PHEV,Gasolina/Electrico Enchufable,KKL,FOCUS SEGMENT,Standard,ESTATE,Renting,1
2026,08,19,MERCEDES,CLASE C,RAC,ICE,Diesel,KKL,FOCUS SEGMENT,Standard,ESTATE,Renting,1
2026,08,19,MERCEDES,CLASE CLA,Corporate,BEV,Gasolina/Electrico Enchufable,UKL2,FOCUS SEGMENT,Standard,SEDAN,No Renting,1
2026,08,19,MERCEDES,CLASE CLA,Corporate,ICE,Gasolina/Electrico Enchufable,UKL2,FOCUS SEGMENT,Standard,SEDAN,Renting,2
2026,08,19,MERCEDES,CLASE CLA,Corporate,PHEV,Gasolina/Electrico Enchufable,UKL2,FOCUS SEGMENT,Standard,SEDAN,No Renting,1
2026,08,19,MERCEDES,CLASE CLA,Private,BEV,Gasolina/Electrico Enchufable,UKL2,FOCUS SEGMENT,Standard,SEDAN,No Renting,1
2026,08,19,MERCEDES,CLASE CLA,Private,ICE,Gasolina,UKL2,FOCUS SEGMENT,Standard,ESTATE,No Renting,2
2026,08,19,MERCEDES,CLASE CLA,Private,ICE,Gasolina/Electrico Enchufable,UKL2,FOCUS SEGMENT,Standard,SEDAN,No Renting,1
2026,08,19,MERCEDES,CLASE CLA,RAC,ICE,Gasolina,UKL2,FOCUS SEGMENT,Standard,ESTATE,Renting,3
2026,08,19,MERCEDES,CLASE CLE,Corporate,ICE,Gasolina/Electrico Enchufable,MKL,FOCUS SEGMENT,M Performance,COUPE,No Renting,1
2026,08,19,MERCEDES,CLASE CLE,Corporate,ICE,Gasolina/Electrico Enchufable,MKL,FOCUS SEGMENT,Standard,COUPE,Renting,1
2026,08,19,MERCEDES,CLASE CLE,Corporate,PHEV,Gasolina/Electrico Enchufable,MKL,FOCUS SEGMENT,Standard,COUPE,No Renting,1
2026,08,19,MERCEDES,CLASE E,Corporate,PHEV,Diesel/Electrico Enchufable,MKL,FOCUS SEGMENT,Standard,SEDAN,Renting,1
2026,08,19,MERCEDES,CLASE E,Corporate,PHEV,Gasolina/Electrico Enchufable,MKL,FOCUS SEGMENT,M Performance,ESTATE,No Renting,1
2026,08,19,MERCEDES,CLASE E,Private,PHEV,Gasolina/Electrico Enchufable,MKL,FOCUS SEGMENT,Standard,SEDAN,No Renting,1
2026,08,19,MERCEDES,CLASE GLA,Corporate,ICE,Diesel,UKL2,FOCUS SEGMENT,Standard,SAV,No Renting,1
2026,08,19,MERCEDES,CLASE GLA,Corporate,ICE,Diesel,UKL2,FOCUS SEGMENT,Standard,SAV,Renting,1
2026,08,19,MERCEDES,CLASE GLA,Corporate,ICE,Gasolina,UKL2,FOCUS SEGMENT,Standard,SAV,No Renting,1
2026,08,19,MERCEDES,CLASE GLA,Corporate,ICE,Gasolina,UKL2,FOCUS SEGMENT,Standard,SAV,Renting,1
2026,08,19,MERCEDES,CLASE GLA,Corporate,PHEV,Gasolina/Electrico Enchufable,UKL2,FOCUS SEGMENT,Standard,SAV,Renting,2
2026,08,19,MERCEDES,CLASE GLA,Private,ICE,Diesel,UKL2,FOCUS SEGMENT,Standard,SAV,No Renting,3
2026,08,19,MERCEDES,CLASE GLA,Private,ICE,Gasolina,UKL2,FOCUS SEGMENT,Standard,SAV,No Renting,4
2026,08,19,MERCEDES,CLASE GLA,Private,PHEV,Gasolina/Electrico Enchufable,UKL2,FOCUS SEGMENT,Standard,SAV,No Renting,3
2026,08,19,MERCEDES,CLASE GLB,Corporate,BEV,Gasolina Mild Hybrid,UKL2,FOCUS SEGMENT,Standard,SAV,No Renting,2
2026,08,19,MERCEDES,CLASE GLB,Corporate,ICE,Gasolina,UKL2,FOCUS SEGMENT,Standard,SAV,No Renting,2
2026,08,19,MERCEDES,CLASE GLB,Corporate,ICE,Gasolina,UKL2,FOCUS SEGMENT,Standard,SAV,Renting,1
2026,08,19,MERCEDES,CLASE GLB,Private,ICE,Gasolina,UKL2,FOCUS SEGMENT,Standard,SAV,No Renting,1
2026,08,19,MERCEDES,CLASE GLC,Corporate,BEV,Gasolina/Electrico Enchufable,KKL,FOCUS SEGMENT,Standard,SAV,No Renting,2
2026,08,19,MERCEDES,CLASE GLC,Corporate,ICE,Diesel,KKL,FOCUS SEGMENT,Standard,SAV,No Renting,6
2026,08,19,MERCEDES,CLASE GLC,Corporate,ICE,Gasolina,KKL,FOCUS SEGMENT,Standard,SAV,No Renting,1
2026,08,19,MERCEDES,CLASE GLC,Corporate,ICE,Gasolina,KKL,FOCUS SEGMENT,Standard,SAV,Renting,3
2026,08,19,MERCEDES,CLASE GLC,Corporate,PHEV,Diesel/Electrico Enchufable,KKL,FOCUS SEGMENT,Standard,SAV,No Renting,3
2026,08,19,MERCEDES,CLASE GLC,Corporate,PHEV,Diesel/Electrico Enchufable,KKL,FOCUS SEGMENT,Standard,SAV,Renting,5
2026,08,19,MERCEDES,CLASE GLC,Corporate,PHEV,Gasolina/Electrico Enchufable,KKL,FOCUS SEGMENT,Standard,SAV,Renting,1
2026,08,19,MERCEDES,CLASE GLC,Private,BEV,Gasolina/Electrico Enchufable,KKL,FOCUS SEGMENT,Standard,SAV,No Renting,3
2026,08,19,MERCEDES,CLASE GLC,Private,ICE,Diesel,KKL,FOCUS SEGMENT,Standard,SAV,No Renting,2
2026,08,19,MERCEDES,CLASE GLC,Private,PHEV,Diesel/Electrico Enchufable,KKL,FOCUS SEGMENT,Standard,SAV,No Renting,5
2026,08,19,MERCEDES,CLASE GLE,Corporate,ICE,Diesel,MKL,FOCUS SEGMENT,Standard,SAV,Renting,3
2026,08,19,MERCEDES,CLASE GLE,Corporate,ICE,Gasolina/Electrico Enchufable,MKL,FOCUS SEGMENT,M Performance,SAV,Renting,1
2026,08,19,MERCEDES,CLASE GLE,Corporate,PHEV,Diesel/Electrico Enchufable,MKL,FOCUS SEGMENT,Standard,SAV,Renting,1
2026,08,19,MERCEDES,CLASE GLE,Private,ICE,Diesel,MKL,FOCUS SEGMENT,Standard,SAV,No Renting,1
2026,08,19,MERCEDES,CLASE GLE,Private,PHEV,Diesel/Electrico Enchufable,MKL,FOCUS SEGMENT,Standard,SAV,No Renting,1
2026,08,19,MERCEDES,CLASE V,Corporate,ICE,Gasolina Mild Hybrid,MKL,REST,Standard,MPV,No Renting,4
2026,08,19,MERCEDES,EQA,Corporate,BEV,Electrico,UKL2,FOCUS SEGMENT,Standard,SAV,No Renting,1
2026,08,19,MERCEDES,EQA,Private,BEV,Electrico,UKL2,FOCUS SEGMENT,Standard,SAV,No Renting,1
2026,08,19,MERCEDES,EQE,Corporate,BEV,Electrico,MKL,FOCUS SEGMENT,Standard,SAV,Renting,1
2026,08,19,MERCEDES,MARCO POLO,Corporate,ICE,Diesel,SKL,REST,Standard,TRANSPORTER,Renting,1
2026,08,19,MERCEDES,SPRINTER 300,Corporate,ICE,Diesel,SKL,REST,Standard,TRANSPORTER,No Renting,2
2026,08,19,MERCEDES,SPRINTER 300,Corporate,ICE,Diesel,SKL,REST,Standard,TRANSPORTER,Renting,9
2026,08,19,MERCEDES,SPRINTER 300,Private,ICE,Diesel,SKL,REST,Standard,TRANSPORTER,No Renting,1
2026,08,19,MERCEDES,SPRINTER 300,RAC,ICE,Diesel,SKL,REST,Standard,TRANSPORTER,Renting,2
2026,08,19,MERCEDES-V,VITO,Corporate,ICE,Diesel,SKL,REST,Standard,TRANSPORTER,No Renting,3
2026,08,19,MERCEDES-V,VITO,Private,ICE,Diesel,SKL,REST,Standard,TRANSPORTER,No Renting,2
2026,08,19,MG,HS,Private,ICE,Gasolina/Electrico Enchufable,KKL,REST,Standard,SAV,No Renting,7
2026,08,19,MG,HS,Private,PHEV,Gasolina/Electrico Enchufable,KKL,REST,Standard,SAV,No Renting,9
2026,08,19,MG,MG 3,Private,ICE,Gasolina/Electrico,UKL1,REST,Standard,HACH 5P,No Renting,14
2026,08,19,MG,MG 4,Private,BEV,Electrico,UKL2,REST,Standard,HACH 5P,No Renting,11
2026,08,19,MG,MG S5,Private,BEV,Electrico,UKL1,REST,Standard,SAV,No Renting,2
2026,08,19,MG,MG S6,Private,BEV,Electrico,UKL2,REST,Standard,SAV,No Renting,1
2026,08,19,MG,MG S9,Corporate,PHEV,Gasolina/Electrico Enchufable,KKL,REST,Standard,SAV,No Renting,2
2026,08,19,MG,MG S9,Private,PHEV,Gasolina/Electrico Enchufable,KKL,REST,Standard,SAV,No Renting,6
2026,08,19,MG,ZS,Corporate,ICE,Gasolina/Electrico,UKL1,REST,Standard,SAV,No Renting,2
2026,08,19,MG,ZS,Corporate,ICE,Gasolina/Electrico,UKL1,REST,Standard,SAV,Renting,2
2026,08,19,MG,ZS,Private,ICE,Gasolina/Electrico,UKL1,REST,Standard,SAV,No Renting,62
2026,08,19,MINI,ACEMAN,Corporate,BEV,Electrico,UKL1,FOCUS SEGMENT,Standard,SAV,No Renting,1
2026,08,19,MINI,ACEMAN,Private,BEV,Electrico,UKL1,FOCUS SEGMENT,Standard,SAV,No Renting,4
2026,08,19,MINI,CABRIO,Corporate,ICE,Gasolina,UKL1,FOCUS SEGMENT,Standard,CABRIO,No Renting,1
2026,08,19,MINI,CABRIO,Private,ICE,Gasolina,UKL1,FOCUS SEGMENT,Standard,CABRIO,No Renting,2
2026,08,19,MINI,COUNTRYMAN,Corporate,ICE,Electrico,UKL2,FOCUS SEGMENT,Standard,SAV,Renting,1
2026,08,19,MINI,COUNTRYMAN,Private,ICE,Electrico,UKL2,FOCUS SEGMENT,Standard,SAV,No Renting,1
2026,08,19,MINI,HATCHBACK,Corporate,ICE,Electrico,UKL1,FOCUS SEGMENT,JCW,HACH 3P,No Renting,2
2026,08,19,MINI,HATCHBACK,Private,BEV,Electrico,UKL1,FOCUS SEGMENT,Standard,HACH 3P,No Renting,5
2026,08,19,MINI,HATCHBACK,Private,ICE,Electrico,UKL1,FOCUS SEGMENT,JCW,HACH 3P,No Renting,1
2026,08,19,MINI,HATCHBACK,Private,ICE,Electrico,UKL1,FOCUS SEGMENT,Standard,HACH 3P,No Renting,8
2026,08,19,MITSUBISHI,COLT,Corporate,ICE,Gasolina/Electrico,UKL1,REST,Standard,HACH 3P,No Renting,1
2026,08,19,MITSUBISHI,GRANDIS,Corporate,ICE,Gasolina/Electrico,UKL1,REST,Standard,SAV,No Renting,1
2026,08,19,MITSUBISHI,GRANDIS,Private,ICE,Gasolina/Electrico,UKL1,REST,Standard,SAV,No Renting,1
2026,08,19,MITSUBISHI,OUTLANDER,Corporate,PHEV,Gasolina/Electrico Enchufable,KKL,REST,Standard,SAV,Renting,1
2026,08,19,MITSUBISHI,OUTLANDER,Private,PHEV,Gasolina/Electrico Enchufable,KKL,REST,Standard,SAV,No Renting,4
2026,08,19,MITSUBISHI-FUSO,CANTER,Corporate,ICE,Electrico,SKL,REST,Standard,TRANSPORTER,No Renting,1
2026,08,19,NISSAN,JUKE,Corporate,ICE,Gasolina/Electrico,UKL1,REST,Standard,SAV,Renting,9
2026,08,19,NISSAN,JUKE,Private,ICE,Gasolina/Electrico,UKL1,REST,Standard,SAV,No Renting,11
2026,08,19,NISSAN,LEAF,Private,BEV,Electrico,UKL2,REST,Standard,HACH 5P,No Renting,3
2026,08,19,NISSAN,PRIMASTAR,Corporate,ICE,Diesel,SKL,REST,Standard,TRANSPORTER,No Renting,2
2026,08,19,NISSAN,PRIMASTAR,Corporate,ICE,Diesel,SKL,REST,Standard,TRANSPORTER,Renting,1
2026,08,19,NISSAN,PRIMASTAR,Private,ICE,Diesel,SKL,REST,Standard,TRANSPORTER,No Renting,1
2026,08,19,NISSAN,PRIMASTAR,RAC,ICE,Diesel,SKL,REST,Standard,TRANSPORTER,No Renting,1
2026,08,19,NISSAN,QASHQAI,Corporate,ICE,Gasolina/Electrico,UKL2,REST,Standard,SAT,Renting,7
2026,08,19,NISSAN,QASHQAI,Private,ICE,Gasolina/Electrico,UKL2,REST,Standard,SAT,No Renting,13
2026,08,19,NISSAN,TOWNSTAR,Corporate,ICE,Gasolina,SKL,REST,Standard,TRANSPORTER,No Renting,2
2026,08,19,NISSAN,TOWNSTAR,Private,BEV,Gasolina,SKL,REST,Standard,TRANSPORTER,No Renting,1
2026,08,19,NISSAN,TOWNSTAR,Private,ICE,Gasolina,SKL,REST,Standard,TRANSPORTER,No Renting,4
2026,08,19,NISSAN,X-TRAIL,Corporate,ICE,Gasolina/Electrico,KKL,REST,Standard,SUV,No Renting,2
2026,08,19,NISSAN,X-TRAIL,Corporate,ICE,Gasolina/Electrico,KKL,REST,Standard,SUV,Renting,2
2026,08,19,NISSAN,X-TRAIL,Private,ICE,Gasolina/Electrico,KKL,REST,Standard,SUV,No Renting,3
2026,08,19,OMODA,OMODA 5,Corporate,ICE,Gasolina/Electrico,UKL2,REST,Standard,SAV,No Renting,1
2026,08,19,OMODA,OMODA 5,Private,BEV,Gasolina/Electrico,UKL2,REST,Standard,SAV,No Renting,2
2026,08,19,OMODA,OMODA 5,Private,ICE,Gasolina/Electrico,UKL2,REST,Standard,SAV,No Renting,35
2026,08,19,OMODA,OMODA 7,Private,PHEV,Gasolina/Electrico Enchufable,KKL,REST,Standard,SAV,No Renting,8
2026,08,19,OMODA,OMODA 9,Corporate,PHEV,Gasolina/Electrico Enchufable,KKL,REST,Standard,SAV,No Renting,3
2026,08,19,OMODA,OMODA 9,Private,PHEV,Gasolina/Electrico Enchufable,KKL,REST,Standard,SAV,No Renting,6
2026,08,19,OPEL,COMBO,Corporate,ICE,Gasolina,SKL,REST,Standard,TRANSPORTER,No Renting,7
2026,08,19,OPEL,COMBO,Corporate,ICE,Gasolina,SKL,REST,Standard,TRANSPORTER,Renting,27
2026,08,19,OPEL,COMBO,Private,ICE,Gasolina,SKL,REST,Standard,TRANSPORTER,No Renting,2
2026,08,19,OPEL,CORSA,Corporate,ICE,Gasolina Mild Hybrid,UKL1,REST,Standard,HACH 5P,No Renting,1
2026,08,19,OPEL,CORSA,Corporate,ICE,Gasolina Mild Hybrid,UKL1,REST,Standard,HACH 5P,Renting,5
2026,08,19,OPEL,CORSA,Private,ICE,Gasolina Mild Hybrid,UKL1,REST,Standard,HACH 5P,No Renting,9
2026,08,19,OPEL,FRONTERA,Corporate,ICE,Gasolina Mild Hybrid,KKL,REST,Standard,SUV,Renting,2
2026,08,19,OPEL,FRONTERA,Private,BEV,Gasolina Mild Hybrid,KKL,REST,Standard,SUV,No Renting,1
2026,08,19,OPEL,GRANDLAND X,Private,ICE,Gasolina/Electrico Enchufable,UKL2,REST,Standard,SAV,No Renting,1
2026,08,19,OPEL,MOKKA,Private,ICE,Gasolina Mild Hybrid,UKL1,REST,Standard,SAV,No Renting,5
2026,08,19,OPEL,MOVANO,Corporate,ICE,Electrico,SKL,REST,Standard,TRANSPORTER,No Renting,1
2026,08,19,OPEL,VIVARO,Private,ICE,Electrico,SKL,REST,Standard,TRANSPORTER,No Renting,1
2026,08,19,OPEL,ZAFIRA LIFE,Private,ICE,Electrico,SKL,REST,Standard,TRANSPORTER,No Renting,1
2026,08,19,PEUGEOT,2008,Corporate,ICE,Gasolina Mild Hybrid,UKL1,REST,Standard,SAV,No Renting,9
2026,08,19,PEUGEOT,2008,Corporate,ICE,Gasolina Mild Hybrid,UKL1,REST,Standard,SAV,Renting,2
2026,08,19,PEUGEOT,2008,Private,ICE,Gasolina Mild Hybrid,UKL1,REST,Standard,SAV,No Renting,21
2026,08,19,PEUGEOT,208,Corporate,ICE,Gasolina Mild Hybrid,UKL1,REST,Standard,HACH 5P,No Renting,1
2026,08,19,PEUGEOT,208,Corporate,ICE,Gasolina Mild Hybrid,UKL1,REST,Standard,HACH 5P,Renting,5
2026,08,19,PEUGEOT,208,Private,ICE,Gasolina Mild Hybrid,UKL1,REST,Standard,HACH 5P,No Renting,9
2026,08,19,PEUGEOT,3008,Corporate,ICE,Gasolina/Electrico Enchufable,UKL2,REST,Standard,SAT,Renting,1
2026,08,19,PEUGEOT,3008,Corporate,PHEV,Gasolina/Electrico Enchufable,UKL2,REST,Standard,SAT,Renting,1
2026,08,19,PEUGEOT,3008,Private,ICE,Gasolina/Electrico Enchufable,UKL2,REST,Standard,SAT,No Renting,5
2026,08,19,PEUGEOT,3008,Private,PHEV,Gasolina/Electrico Enchufable,UKL2,REST,Standard,SAT,No Renting,1
2026,08,19,PEUGEOT,308,Corporate,ICE,Gasolina/Electrico Enchufable,UKL2,REST,Standard,HACH 5P,Renting,1
2026,08,19,PEUGEOT,308,Private,BEV,Gasolina/Electrico Enchufable,UKL2,REST,Standard,HACH 5P,No Renting,1
2026,08,19,PEUGEOT,5008,Corporate,ICE,Gasolina/Electrico Enchufable,KKL,REST,Standard,SUV,Renting,1
2026,08,19,PEUGEOT,5008,Corporate,PHEV,Gasolina/Electrico Enchufable,KKL,REST,Standard,SUV,No Renting,1
2026,08,19,PEUGEOT,5008,Private,ICE,Gasolina/Electrico Enchufable,KKL,REST,Standard,SUV,No Renting,1
2026,08,19,PEUGEOT,BOXER,Corporate,ICE,Diesel,SKL,REST,Standard,TRANSPORTER,No Renting,2
2026,08,19,PEUGEOT,BOXER,Corporate,ICE,Diesel,SKL,REST,Standard,TRANSPORTER,Renting,1
2026,08,19,PEUGEOT,EXPERT,Corporate,BEV,Electrico,SKL,REST,Standard,TRANSPORTER,No Renting,1
2026,08,19,PEUGEOT,EXPERT,Corporate,ICE,Electrico,SKL,REST,Standard,TRANSPORTER,No Renting,2
2026,08,19,PEUGEOT,EXPERT,Corporate,ICE,Electrico,SKL,REST,Standard,TRANSPORTER,Renting,1
2026,08,19,PEUGEOT,EXPERT,Private,ICE,Electrico,SKL,REST,Standard,TRANSPORTER,No Renting,3
2026,08,19,PEUGEOT,PARTNER,Corporate,ICE,Electrico,SKL,REST,Standard,TRANSPORTER,No Renting,1
2026,08,19,PEUGEOT,PARTNER,Corporate,ICE,Electrico,SKL,REST,Standard,TRANSPORTER,Renting,8
2026,08,19,PEUGEOT,RIFTER,Corporate,ICE,Electrico,SKL,REST,Standard,TRANSPORTER,No Renting,4
2026,08,19,PEUGEOT,RIFTER,Corporate,ICE,Electrico,SKL,REST,Standard,TRANSPORTER,Renting,8
2026,08,19,PEUGEOT,RIFTER,Private,BEV,Electrico,SKL,REST,Standard,TRANSPORTER,No Renting,2
2026,08,19,PEUGEOT,RIFTER,Private,ICE,Electrico,SKL,REST,Standard,TRANSPORTER,No Renting,5
2026,08,19,POLESTAR,POLESTAR 2,Corporate,BEV,Electrico,KKL,FOCUS SEGMENT,Standard,SEDAN,Renting,1
2026,08,19,POLESTAR,POLESTAR 2,Private,BEV,Electrico,KKL,FOCUS SEGMENT,Standard,SEDAN,No Renting,1
2026,08,19,POLESTAR,POLESTAR 4,Corporate,BEV,Electrico,KKL,FOCUS SEGMENT,Standard,SAV,Renting,1
2026,08,19,POLESTAR,POLESTAR 4,Private,BEV,Electrico,KKL,FOCUS SEGMENT,Standard,SAV,No Renting,1
2026,08,19,PORSCHE,911,Private,ICE,Gasolina/Electrico,GKL,FOCUS SEGMENT,Standard,COUPE,No Renting,1
2026,08,19,PORSCHE,CAYENNE,Corporate,PHEV,Gasolina/Electrico Enchufable,MKL,FOCUS SEGMENT,M Performance,SAV,No Renting,1
2026,08,19,PORSCHE,CAYENNE,Private,BEV,Electrico,MKL,FOCUS SEGMENT,Standard,SAV,No Renting,2
2026,08,19,PORSCHE,MACAN,Corporate,BEV,Electrico,KKL,FOCUS SEGMENT,Standard,SAV,Renting,1
2026,08,19,PORSCHE,MACAN,Private,BEV,Electrico,KKL,FOCUS SEGMENT,M Performance,SAV,No Renting,1
2026,08,19,PORSCHE,PANAMERA,Private,PHEV,Gasolina/Electrico Enchufable,GKL,FOCUS SEGMENT,Standard,SEDAN,No Renting,1
2026,08,19,RENAULT,4,Private,BEV,Electrico,UKL1,REST,Standard,SAV,No Renting,2
2026,08,19,RENAULT,5,Corporate,BEV,Electrico,UKL1,REST,Standard,HACH 5P,No Renting,1
2026,08,19,RENAULT,5,Private,BEV,Electrico,UKL1,REST,Standard,HACH 5P,No Renting,6
2026,08,19,RENAULT,AUSTRAL,Corporate,ICE,Gasolina/Electrico,UKL2,REST,Standard,SAV,No Renting,6
2026,08,19,RENAULT,AUSTRAL,Corporate,ICE,Gasolina/Electrico,UKL2,REST,Standard,SAV,Renting,8
2026,08,19,RENAULT,AUSTRAL,Private,ICE,Gasolina/Electrico,UKL2,REST,Standard,SAV,No Renting,6
2026,08,19,RENAULT,CAPTUR,Corporate,ICE,Gasolina/Electrico,UKL1,REST,Standard,SAV,No Renting,8
2026,08,19,RENAULT,CAPTUR,Corporate,ICE,Gasolina/Electrico,UKL1,REST,Standard,SAV,Renting,7
2026,08,19,RENAULT,CAPTUR,Private,ICE,Gasolina/Electrico,UKL1,REST,Standard,SAV,No Renting,25
2026,08,19,RENAULT,CLIO,Corporate,ICE,Gasolina/Electrico,UKL1,REST,Standard,HACH 5P,No Renting,3
2026,08,19,RENAULT,CLIO,Corporate,ICE,Gasolina/Electrico,UKL1,REST,Standard,HACH 5P,Renting,4
2026,08,19,RENAULT,CLIO,Private,ICE,Gasolina/Electrico,UKL1,REST,Standard,HACH 5P,No Renting,25
2026,08,19,RENAULT,ESPACE,Corporate,ICE,Gasolina/Electrico,KKL,REST,Standard,SAV,Renting,2
2026,08,19,RENAULT,ESPACE,Private,ICE,Gasolina/Electrico,KKL,REST,Standard,SAV,No Renting,2
2026,08,19,RENAULT,KANGOO,Corporate,BEV,Gasolina,SKL,REST,Standard,TRANSPORTER,Renting,3
2026,08,19,RENAULT,KANGOO,Corporate,ICE,Gasolina,SKL,REST,Standard,TRANSPORTER,No Renting,8
2026,08,19,RENAULT,KANGOO,Corporate,ICE,Gasolina,SKL,REST,Standard,TRANSPORTER,Renting,22
2026,08,19,RENAULT,KANGOO,Private,ICE,Gasolina,SKL,REST,Standard,TRANSPORTER,No Renting,4
2026,08,19,RENAULT,MASTER,Corporate,ICE,Electrico,SKL,REST,Standard,TRANSPORTER,No Renting,13
2026,08,19,RENAULT,MASTER,Corporate,ICE,Electrico,SKL,REST,Standard,TRANSPORTER,Renting,22
2026,08,19,RENAULT,MASTER,Private,ICE,Electrico,SKL,REST,Standard,TRANSPORTER,No Renting,4
2026,08,19,RENAULT,MASTER,RAC,ICE,Electrico,SKL,REST,Standard,TRANSPORTER,No Renting,2
2026,08,19,RENAULT,RAFALE,Corporate,PHEV,Gasolina/Electrico Enchufable,UKL2,REST,Standard,SAV,No Renting,4
2026,08,19,RENAULT,RAFALE,Private,ICE,Gasolina/Electrico Enchufable,UKL2,REST,Standard,SAV,No Renting,3
2026,08,19,RENAULT,RAFALE,Private,PHEV,Gasolina/Electrico Enchufable,UKL2,REST,Standard,SAV,No Renting,2
2026,08,19,RENAULT,SYMBIOZ,Corporate,ICE,Gasolina/Electrico,UKL1,REST,Standard,SAV,No Renting,1
2026,08,19,RENAULT,SYMBIOZ,Corporate,ICE,Gasolina/Electrico,UKL1,REST,Standard,SAV,Renting,13
2026,08,19,RENAULT,SYMBIOZ,Private,ICE,Gasolina/Electrico,UKL1,REST,Standard,SAV,No Renting,3
2026,08,19,RENAULT,TRAFIC,Corporate,ICE,Electrico,SKL,REST,Standard,TRANSPORTER,No Renting,4
2026,08,19,RENAULT,TRAFIC,Corporate,ICE,Electrico,SKL,REST,Standard,TRANSPORTER,Renting,13
2026,08,19,RENAULT,TRAFIC,Private,ICE,Electrico,SKL,REST,Standard,TRANSPORTER,No Renting,1
2026,08,19,RENAULT,TWINGO,Corporate,BEV,Electrico,UKL0,REST,Standard,HACH 5P,No Renting,1
2026,08,19,RENAULT,TWINGO,Private,BEV,Electrico,UKL0,REST,Standard,HACH 5P,No Renting,3
2026,08,19,RENAULT TRUCKS,MASTER,Corporate,BEV,Electrico,SKL,REST,Standard,TRANSPORTER,No Renting,3
2026,08,19,SANTANA,400,Corporate,ICE,Gasolina/Electrico Enchufable,SKL,REST,Standard,PICKUP,No Renting,1
2026,08,19,SEAT,ARONA,Corporate,ICE,Gasolina,UKL1,REST,Standard,SAV,Renting,42
2026,08,19,SEAT,ARONA,Private,ICE,Gasolina,UKL1,REST,Standard,SAV,No Renting,21
2026,08,19,SEAT,ATECA,Corporate,ICE,Gasolina,UKL2,REST,Standard,SAT,Renting,1
2026,08,19,SEAT,ATECA,Private,ICE,Gasolina,UKL2,REST,Standard,SAT,No Renting,10
2026,08,19,SEAT,IBIZA,Corporate,ICE,Gasolina,UKL1,REST,Standard,HACH 5P,Renting,16
2026,08,19,SEAT,IBIZA,Private,ICE,Gasolina,UKL1,REST,Standard,HACH 5P,No Renting,29
2026,08,19,SEAT,LEON,Corporate,ICE,Gasolina/Electrico Enchufable,UKL2,REST,Standard,HACH 5P,No Renting,2
2026,08,19,SEAT,LEON,Corporate,ICE,Gasolina/Electrico Enchufable,UKL2,REST,Standard,HACH 5P,Renting,13
2026,08,19,SEAT,LEON,Private,ICE,Gasolina/Electrico Enchufable,UKL2,REST,Standard,HACH 5P,No Renting,4
2026,08,19,SHINERAY,G05,Private,ICE,Gasolina,MKL,REST,Standard,SAV,No Renting,1
2026,08,19,SKODA,ELROQ,Private,BEV,Electrico,UKL2,REST,Standard,SAV,No Renting,5
2026,08,19,SKODA,ENYAQ,Private,BEV,Electrico,UKL2,REST,Standard,SAV,No Renting,6
2026,08,19,SKODA,EPIQ,Private,BEV,Electrico,UKL1,REST,Standard,SAV,No Renting,1
2026,08,19,SKODA,FABIA,Corporate,ICE,Gasolina,UKL1,REST,Standard,HACH 5P,Renting,4
2026,08,19,SKODA,FABIA,Private,ICE,Gasolina,UKL1,REST,Standard,HACH 5P,No Renting,13
2026,08,19,SKODA,FABIA,RAC,ICE,Gasolina,UKL1,REST,Standard,HACH 5P,No Renting,3
2026,08,19,SKODA,KAMIQ,Corporate,ICE,Gasolina,UKL1,REST,Standard,SAV,Renting,7
2026,08,19,SKODA,KAMIQ,Private,ICE,Gasolina,UKL1,REST,Standard,SAV,No Renting,10
2026,08,19,SKODA,KAROQ,Corporate,ICE,Gasolina,UKL2,REST,Standard,SAT,Renting,3
2026,08,19,SKODA,KAROQ,Private,ICE,Gasolina,UKL2,REST,Standard,SAT,No Renting,10
2026,08,19,SKODA,KODIAQ,Corporate,ICE,Gasolina/Electrico Enchufable,KKL,REST,Standard,SAV,Renting,2
2026,08,19,SKODA,KODIAQ,Private,ICE,Gasolina/Electrico Enchufable,KKL,REST,Standard,SAV,No Renting,1
2026,08,19,SKODA,KODIAQ,Private,PHEV,Gasolina/Electrico Enchufable,KKL,REST,Standard,SAV,No Renting,3
2026,08,19,SKODA,OCTAVIA,Corporate,ICE,Gasolina Mild Hybrid,UKL2,REST,Standard,ESTATE,No Renting,2
2026,08,19,SKODA,OCTAVIA,Corporate,ICE,Gasolina Mild Hybrid,UKL2,REST,Standard,ESTATE,Renting,1
2026,08,19,SKODA,SCALA,Private,ICE,Gasolina,UKL2,REST,Standard,HACH 5P,No Renting,3
2026,08,19,SKODA,SUPERB,Corporate,ICE,Gasolina/Electrico Enchufable,KKL,REST,Standard,SEDAN,No Renting,1
2026,08,19,SMART,#5,Private,BEV,Electrico,KKL,FOCUS SEGMENT,Standard,SAV,No Renting,1
2026,08,19,SSANGYONG,REXTON,Corporate,ICE,Diesel,MKL,REST,Standard,SAV,No Renting,20
2026,08,19,SUBARU,FORESTER,Private,ICE,Gasolina/Electrico,KKL,REST,Standard,SAV,No Renting,1
2026,08,19,SUZUKI,SWIFT,Private,ICE,Gasolina Mild Hybrid,UKL1,REST,Standard,HACH 5P,No Renting,4
2026,08,19,SUZUKI,SX4,Private,ICE,Gasolina/Electrico,UKL1,REST,Standard,SAV,No Renting,4
2026,08,19,SUZUKI,VITARA,Private,ICE,Gasolina/Electrico,UKL2,REST,Standard,SUV,No Renting,3
2026,08,19,TESLA,MODEL Y,Private,BEV,Electrico,KKL,FOCUS SEGMENT,Standard,SAT,No Renting,7
2026,08,19,TOYOTA,AYGO X,Corporate,ICE,Gasolina/Electrico,UKL0,REST,Standard,HACH 5P,No Renting,1
2026,08,19,TOYOTA,AYGO X,Corporate,ICE,Gasolina/Electrico,UKL0,REST,Standard,HACH 5P,Renting,1
2026,08,19,TOYOTA,AYGO X,Private,ICE,Gasolina/Electrico,UKL0,REST,Standard,HACH 5P,No Renting,9
2026,08,19,TOYOTA,BZ4X,Private,BEV,Electrico,UKL2,REST,Standard,SAV,No Renting,3
2026,08,19,TOYOTA,C-HR,Corporate,BEV,Gasolina/Electrico Enchufable,UKL1,REST,Standard,SAV,No Renting,5
2026,08,19,TOYOTA,C-HR,Corporate,BEV,Gasolina/Electrico Enchufable,UKL1,REST,Standard,SAV,Renting,2
2026,08,19,TOYOTA,C-HR,Corporate,ICE,Gasolina/Electrico Enchufable,UKL1,REST,Standard,SAV,No Renting,2
2026,08,19,TOYOTA,C-HR,Corporate,ICE,Gasolina/Electrico Enchufable,UKL1,REST,Standard,SAV,Renting,2
2026,08,19,TOYOTA,C-HR,Corporate,PHEV,Gasolina/Electrico Enchufable,UKL1,REST,Standard,SAV,No Renting,1
2026,08,19,TOYOTA,C-HR,Private,BEV,Gasolina/Electrico Enchufable,UKL1,REST,Standard,SAV,No Renting,11
2026,08,19,TOYOTA,C-HR,Private,ICE,Gasolina/Electrico Enchufable,UKL1,REST,Standard,SAV,No Renting,17
2026,08,19,TOYOTA,C-HR,Private,PHEV,Gasolina/Electrico Enchufable,UKL1,REST,Standard,SAV,No Renting,9
2026,08,19,TOYOTA,COROLLA,Corporate,ICE,Gasolina/Electrico,UKL2,REST,Standard,HACH 5P,No Renting,13
2026,08,19,TOYOTA,COROLLA,Corporate,ICE,Gasolina/Electrico,UKL2,REST,Standard,HACH 5P,Renting,6
2026,08,19,TOYOTA,COROLLA,Private,ICE,Gasolina/Electrico,UKL2,REST,Standard,HACH 5P,No Renting,72
2026,08,19,TOYOTA,HI LUX,Corporate,ICE,Electrico,SKL,REST,Standard,PICKUP,No Renting,1
2026,08,19,TOYOTA,HI LUX,Private,ICE,Electrico,SKL,REST,Standard,PICKUP,No Renting,1
2026,08,19,TOYOTA,LAND CRUISER,Corporate,ICE,Diesel Mild Hybrid,GKL,REST,Standard,SUV,No Renting,1
2026,08,19,TOYOTA,LAND CRUISER,Private,ICE,Diesel Mild Hybrid,GKL,REST,Standard,SUV,No Renting,2
2026,08,19,TOYOTA,PROACE,Corporate,BEV,Electrico,SKL,REST,Standard,TRANSPORTER,No Renting,1
2026,08,19,TOYOTA,PROACE,Corporate,BEV,Electrico,SKL,REST,Standard,TRANSPORTER,Renting,1
2026,08,19,TOYOTA,PROACE,Corporate,ICE,Electrico,SKL,REST,Standard,TRANSPORTER,No Renting,6
2026,08,19,TOYOTA,PROACE,Corporate,ICE,Electrico,SKL,REST,Standard,TRANSPORTER,Renting,1
2026,08,19,TOYOTA,PROACE,Private,BEV,Electrico,SKL,REST,Standard,TRANSPORTER,No Renting,1
2026,08,19,TOYOTA,PROACE,Private,ICE,Electrico,SKL,REST,Standard,TRANSPORTER,No Renting,5
2026,08,19,TOYOTA,PROACE,RAC,ICE,Electrico,SKL,REST,Standard,TRANSPORTER,Renting,9
2026,08,19,TOYOTA,PROACE CITY,Corporate,BEV,Electrico,SKL,REST,Standard,TRANSPORTER,Renting,1
2026,08,19,TOYOTA,PROACE CITY,Corporate,ICE,Electrico,SKL,REST,Standard,TRANSPORTER,No Renting,2
2026,08,19,TOYOTA,PROACE CITY,Corporate,ICE,Electrico,SKL,REST,Standard,TRANSPORTER,Renting,5
2026,08,19,TOYOTA,PROACE VERSO,Corporate,ICE,Gasolina,SKL,REST,Standard,TRANSPORTER,No Renting,2
2026,08,19,TOYOTA,PROACE VERSO,Corporate,ICE,Gasolina,SKL,REST,Standard,TRANSPORTER,Renting,4
2026,08,19,TOYOTA,PROACE VERSO,Private,ICE,Gasolina,SKL,REST,Standard,TRANSPORTER,No Renting,2
2026,08,19,TOYOTA,PROACE VERSO,RAC,ICE,Gasolina,SKL,REST,Standard,TRANSPORTER,No Renting,8
2026,08,19,TOYOTA,RAV 4,Corporate,ICE,Gasolina/Electrico Enchufable,UKL2,REST,Standard,SAV,Renting,1
2026,08,19,TOYOTA,RAV 4,Corporate,PHEV,Gasolina/Electrico Enchufable,UKL2,REST,Standard,SAV,No Renting,9
2026,08,19,TOYOTA,RAV 4,Corporate,PHEV,Gasolina/Electrico Enchufable,UKL2,REST,Standard,SAV,Renting,5
2026,08,19,TOYOTA,RAV 4,Private,ICE,Gasolina/Electrico Enchufable,UKL2,REST,Standard,SAV,No Renting,1
2026,08,19,TOYOTA,RAV 4,Private,PHEV,Gasolina/Electrico Enchufable,UKL2,REST,Standard,SAV,No Renting,20
2026,08,19,TOYOTA,YARIS,Corporate,ICE,Gasolina/Electrico,UKL1,REST,Standard,HACH 5P,No Renting,5
2026,08,19,TOYOTA,YARIS,Corporate,ICE,Gasolina/Electrico,UKL1,REST,Standard,HACH 5P,Renting,10
2026,08,19,TOYOTA,YARIS,Private,ICE,Gasolina/Electrico,UKL1,REST,Standard,HACH 5P,No Renting,49
2026,08,19,TOYOTA,YARIS,RAC,ICE,Gasolina/Electrico,UKL1,REST,Standard,HACH 5P,Renting,1
2026,08,19,TOYOTA,YARIS CROSS,Corporate,ICE,Gasolina/Electrico,UKL1,REST,Standard,SAV,No Renting,8
2026,08,19,TOYOTA,YARIS CROSS,Corporate,ICE,Gasolina/Electrico,UKL1,REST,Standard,SAV,Renting,2
2026,08,19,TOYOTA,YARIS CROSS,Private,ICE,Gasolina/Electrico,UKL1,REST,Standard,SAV,No Renting,25
2026,08,19,VOLKSWAGEN,AMAROK,Private,ICE,Diesel,SKL,REST,Standard,PICKUP,No Renting,1
2026,08,19,VOLKSWAGEN,CADDY,Corporate,ICE,Gasolina/Electrico Enchufable,SKL,REST,Standard,TRANSPORTER,No Renting,2
2026,08,19,VOLKSWAGEN,CADDY,Corporate,ICE,Gasolina/Electrico Enchufable,SKL,REST,Standard,TRANSPORTER,Renting,1
2026,08,19,VOLKSWAGEN,CADDY,Private,ICE,Gasolina/Electrico Enchufable,SKL,REST,Standard,TRANSPORTER,No Renting,1
2026,08,19,VOLKSWAGEN,CADDY,Private,PHEV,Gasolina/Electrico Enchufable,SKL,REST,Standard,TRANSPORTER,No Renting,4
2026,08,19,VOLKSWAGEN,CALIFORNIA,Corporate,ICE,Gasolina/Electrico Enchufable,SKL,REST,Standard,TRANSPORTER,No Renting,1
2026,08,19,VOLKSWAGEN,CALIFORNIA,Private,ICE,Gasolina/Electrico Enchufable,SKL,REST,Standard,TRANSPORTER,No Renting,4
2026,08,19,VOLKSWAGEN,CALIFORNIA,Private,PHEV,Gasolina/Electrico Enchufable,SKL,REST,Standard,TRANSPORTER,No Renting,1
2026,08,19,VOLKSWAGEN,CARAVELLE,Corporate,PHEV,Gasolina/Electrico Enchufable,SKL,REST,Standard,TRANSPORTER,No Renting,2
2026,08,19,VOLKSWAGEN,CRAFTER,Corporate,ICE,Diesel,SKL,REST,Standard,TRANSPORTER,No Renting,3
2026,08,19,VOLKSWAGEN,CRAFTER,Corporate,ICE,Diesel,SKL,REST,Standard,TRANSPORTER,Renting,3
2026,08,19,VOLKSWAGEN,CRAFTER,Private,ICE,Diesel,SKL,REST,Standard,TRANSPORTER,No Renting,4
2026,08,19,VOLKSWAGEN,CRAFTER,RAC,ICE,Diesel,SKL,REST,Standard,TRANSPORTER,No Renting,6
2026,08,19,VOLKSWAGEN,GOLF,Corporate,ICE,Gasolina/Electrico Enchufable,UKL2,REST,Standard,HACH 5P,Renting,5
2026,08,19,VOLKSWAGEN,GOLF,Corporate,PHEV,Gasolina/Electrico Enchufable,UKL2,REST,Standard,HACH 5P,Renting,1
2026,08,19,VOLKSWAGEN,GOLF,Private,ICE,Gasolina/Electrico Enchufable,UKL2,REST,Standard,HACH 5P,No Renting,5
2026,08,19,VOLKSWAGEN,GOLF,Private,PHEV,Gasolina/Electrico Enchufable,UKL2,REST,Standard,HACH 5P,No Renting,1
2026,08,19,VOLKSWAGEN,ID. POLO 155KW 3WVWZZZE,Private,BEV,Electrico,,REST,Standard,,No Renting,2
2026,08,19,VOLKSWAGEN,ID.3,Private,BEV,Electrico,UKL2,REST,Standard,HACH 5P,No Renting,7
2026,08,19,VOLKSWAGEN,ID.4,Corporate,BEV,Electrico,UKL2,REST,Standard,SAV,No Renting,1
2026,08,19,VOLKSWAGEN,ID.4,Private,BEV,Electrico,UKL2,REST,Standard,SAV,No Renting,6
2026,08,19,VOLKSWAGEN,ID.BUZZ,Corporate,BEV,Electrico,SKL,REST,Standard,TRANSPORTER,No Renting,4
2026,08,19,VOLKSWAGEN,ID.BUZZ,Corporate,BEV,Electrico,SKL,REST,Standard,TRANSPORTER,Renting,2
2026,08,19,VOLKSWAGEN,MULTIVAN,Corporate,ICE,Gasolina/Electrico Enchufable,SKL,REST,Standard,TRANSPORTER,No Renting,2
2026,08,19,VOLKSWAGEN,MULTIVAN,Corporate,PHEV,Gasolina/Electrico Enchufable,SKL,REST,Standard,TRANSPORTER,No Renting,3
2026,08,19,VOLKSWAGEN,MULTIVAN,Private,ICE,Gasolina/Electrico Enchufable,SKL,REST,Standard,TRANSPORTER,No Renting,2
2026,08,19,VOLKSWAGEN,MULTIVAN,Private,PHEV,Gasolina/Electrico Enchufable,SKL,REST,Standard,TRANSPORTER,No Renting,4
2026,08,19,VOLKSWAGEN,PASSAT,Private,PHEV,Gasolina/Electrico Enchufable,KKL,REST,Standard,ESTATE,No Renting,1
2026,08,19,VOLKSWAGEN,POLO,Corporate,ICE,Gasolina,UKL1,REST,Standard,HACH 5P,Renting,7
2026,08,19,VOLKSWAGEN,POLO,Private,ICE,Gasolina,UKL1,REST,Standard,HACH 5P,No Renting,9
2026,08,19,VOLKSWAGEN,T-CROSS,Corporate,ICE,Gasolina,UKL1,REST,Standard,SAV,No Renting,2
2026,08,19,VOLKSWAGEN,T-CROSS,Private,ICE,Gasolina,UKL1,REST,Standard,SAV,No Renting,17
2026,08,19,VOLKSWAGEN,T-ROC,Corporate,ICE,Gasolina Mild Hybrid,UKL2,REST,Standard,SAV,No Renting,2
2026,08,19,VOLKSWAGEN,T-ROC,Corporate,ICE,Gasolina Mild Hybrid,UKL2,REST,Standard,SAV,Renting,8
2026,08,19,VOLKSWAGEN,T-ROC,Private,ICE,Gasolina Mild Hybrid,UKL2,REST,Standard,SAV,No Renting,17
2026,08,19,VOLKSWAGEN,TAIGO,Corporate,ICE,Gasolina,UKL1,REST,Standard,SAV,No Renting,1
2026,08,19,VOLKSWAGEN,TAIGO,Corporate,ICE,Gasolina,UKL1,REST,Standard,SAV,Renting,1
2026,08,19,VOLKSWAGEN,TAIGO,Private,ICE,Gasolina,UKL1,REST,Standard,SAV,No Renting,13
2026,08,19,VOLKSWAGEN,TAYRON,Corporate,ICE,Gasolina/Electrico Enchufable,UKL2,REST,Standard,SAV,Renting,3
2026,08,19,VOLKSWAGEN,TAYRON,Private,ICE,Gasolina/Electrico Enchufable,UKL2,REST,Standard,SAV,No Renting,3
2026,08,19,VOLKSWAGEN,TAYRON,Private,PHEV,Gasolina/Electrico Enchufable,UKL2,REST,Standard,SAV,No Renting,2
2026,08,19,VOLKSWAGEN,TIGUAN,Corporate,ICE,Gasolina/Electrico Enchufable,UKL2,REST,Standard,SAV,Renting,15
2026,08,19,VOLKSWAGEN,TIGUAN,Corporate,PHEV,Gasolina/Electrico Enchufable,UKL2,REST,Standard,SAV,Renting,4
2026,08,19,VOLKSWAGEN,TIGUAN,Private,ICE,Gasolina/Electrico Enchufable,UKL2,REST,Standard,SAV,No Renting,15
2026,08,19,VOLKSWAGEN,TIGUAN,Private,PHEV,Gasolina/Electrico Enchufable,UKL2,REST,Standard,SAV,No Renting,14
2026,08,19,VOLKSWAGEN,TRANSPORTER,Corporate,ICE,Gasolina/Electrico Enchufable,SKL,REST,Standard,TRANSPORTER,No Renting,2
2026,08,19,VOLKSWAGEN,TRANSPORTER,Corporate,PHEV,Gasolina/Electrico Enchufable,SKL,REST,Standard,TRANSPORTER,Renting,1
2026,08,19,VOLKSWAGEN,TRANSPORTER,Private,ICE,Gasolina/Electrico Enchufable,SKL,REST,Standard,TRANSPORTER,No Renting,1
2026,08,19,VOLVO,EX30,Private,BEV,Electrico,UKL1,FOCUS SEGMENT,Standard,SAV,No Renting,4
2026,08,19,VOLVO,EX40,Private,BEV,Electrico,UKL2,FOCUS SEGMENT,Standard,SAV,No Renting,1
2026,08,19,VOLVO,XC40,Corporate,ICE,Gasolina Mild Hybrid,UKL2,FOCUS SEGMENT,Standard,SAV,No Renting,1
2026,08,19,VOLVO,XC40,Private,ICE,Gasolina Mild Hybrid,UKL2,FOCUS SEGMENT,Standard,SAV,No Renting,1
2026,08,19,VOLVO,XC60,Corporate,ICE,Gasolina/Electrico Enchufable,KKL,FOCUS SEGMENT,Standard,SAV,No Renting,1
2026,08,19,VOLVO,XC60,Corporate,ICE,Gasolina/Electrico Enchufable,KKL,FOCUS SEGMENT,Standard,SAV,Renting,1
2026,08,19,VOLVO,XC60,Corporate,PHEV,Gasolina/Electrico Enchufable,KKL,FOCUS SEGMENT,Standard,SAV,Renting,1
2026,08,19,VOLVO,XC60,Private,ICE,Gasolina/Electrico Enchufable,KKL,FOCUS SEGMENT,Standard,SAV,No Renting,1
2026,08,19,VOLVO,XC90,Corporate,PHEV,Gasolina/Electrico Enchufable,MKL,FOCUS SEGMENT,Standard,SAV,No Renting,1
2026,08,19,XPENG,G6,Private,BEV,Electrico,KKL,FOCUS SEGMENT,Standard,SAV,No Renting,7
2026,08,19,XPENG,G9,Corporate,BEV,Electrico,MKL,FOCUS SEGMENT,Standard,SAV,No Renting,1
2026,08,19,XPENG,P7+,Private,BEV,Electrico,KKL,FOCUS SEGMENT,Standard,SEDAN,No Renting,1
